4400
22001
11000
2201
101300
101303
2
11003
44000
3201002
2204
132200
1000031
22004
301301
4000100
2321000
4000103
11
22010
22013
143000
301310
1000022
14
403010
3101030
210203
1000010
200402
130100
130103
210200
3201020
2310020
20
23
4002002
2000033
1000013
3012200
4310000
1002203
1002200
13130
1000001
1301300
2000042
1000004
3101003
2000021
32
3101000
4002020
200420
2000030
41
2000024
2231
1103300
44
1000040
1200302
1000043
2222
2000000
2000003
1002230
2210
2000012
1000034
2222000
2213
210230
2102030
103001
220022
4000040
2420000
103004
2002031
200321
220031
33110
2000123
2000120
200330
2002022
2330000
301220
220004
2024000
33101
2002040
2000102
220001
1200320
220013
220010
2240
2123000
101330
310004
4000010
1004300
2303
2300
101
310001
3120200
1220030
4000013
301202
231200
110
310013
4000001
103031
104
4030100
310010
4000004
1033001
130130
403001
210302
2002010
103022
2002013
4000031
1033010
113
13103
103010
2002001
1220000
1220003
13100
4000022
122
2002004
103013
1202300
130220
3103100
140
143
221300
131
134
2002103
1000130
210320
2002100
103040
1000133
2230001
2230010
24002
33200
2102
13310
200300
200303
3300011
2013002
103103
103100
2310200
440000
4000202
13301
3300002
200312
304001
2013020
220040
301130
130202
24020
3300020
304010
4000220
3010400
4030001
1031300
2132
1033100
200204
3203000
200
200201
203
103130
4030010
13202
200222
301103
120320
221
212300
301100
304100
130301
212
1200200
200213
1200203
2120
200210
403100
3010310
220130
1002002
2123
3103010
4000130
233
3103001
1002020
230
200231
1002023
2310002
224
2301200
1000100
2002130
1000103
4004000
1200230
220100
13220
220103
242
200240
1002032
101030
4130
2202002
231002
2000300
2000303
101033
2002220
3300101
1303010
340001
3300110
2000312
1301030
340010
1313000
3030101
4100
2002202
311
4103
1000301
1303001
3030110
314
2230100
101000
2030210
103202
101003
1301000
130310
1301003
1000313
2202020
32300
103220
310202
3010301
1000304
202310
231020
1000310
302
202301
341
2002301
1000202
30401
310220
1103030
4002200
30410
4202
210002
1000220
130400
1000223
410030
323
320
4220
3010202
332
321200
4130000
3220001
2000321
2100203
1103003
1103000
1000232
2100200
410000
2000330
3220010
410003
210032
3010220
2213000
3030020
113030
2030300
210023
210020
3300200
2004200
410
103301
13001
30221
13004
310031
413
4100030
3020300
103310
1002320
2312
401
2030120
404
400400
30212
310022
310040
1000400
2321
1000403
4100003
13022
113003
3001400
113000
4100000
13010
2330
30230
13013
3010130
440
2100002
2301002
212003
212000
2004020
2000132
1000430
13031
2030102
2002310
301400
2100023
212030
2301020
431
3032000
2100020
13040
340100
2004002
422
3030200
2200001
2100032
2200004
1000322
2200010
2200013
1010033
1000331
3220100
2000231
30302
1000340
2002400
1010030
202400
2200022
310100
2030201
2000240
310103
2102000
2102003
2200031
4301
1002302
2000201
2402
2000204
103400
4013000
30311
2200040
1010003
233000
33002
1010000
2420
11030
33011
2000222
2000210
33020
4310
11033
310130
30320
3010103
2000213
3010100
30131
2303000
1331000
3010040
41300
2204000
3020210
30140
2020202
2210000
3020201
2210003
1023002
30113
3010022
120032
4200200
30122
2200100
2020220
1010330
3010031
2200103
2010230
30101
32012
1023020
321020
3000104
3010001
140300
3000110
2130200
3010004
2030012
2030003
3010010
30110
2030000
120020
30104
2210030
32000
3002300
32003
120023
3010013
3000101
430010
2010203
3000122
32030
2010200
321002
401300
20042
3022100
202103
32021
3000113
202100
120002
430001
20033
3140000
3000140
4300001
20024
20030
2020130
30203
4300010
30200
32102
20021
4022000
3000131
32120
22400
113300
2030030
202010
202013
20012
3004010
202001
2030021
20003
20000
3004001
202004
2020103
2020100
202031
10430
213200
202022
410300
3031100
202040
10400
10403
204200
2200130
30014
20213
20210
30011
10322
20222
3000200
3000203
2000402
10331
30002
420020
10310
3002120
3031001
3000212
10304
4010003
420002
20204
4010000
3000221
20201
202202
10313
3000230
1004003
4010030
1004000
2020301
3031010
213020
202220
2200220
10340
2010320
2200202
1004030
313100
2240000
213002
2020310
2000420
122030
2200310
3002201
22301
2022200
202130
20132
2200301
2033000
2010302
4031000
1023200
30041
20120
30032
32201
3000302
1400030
20123
10301
3200300
3020120
3020102
3000311
323000
3004100
32210
1010303
1303100
1400003
1400000
20102
2202200
1010300
122000
3002210
30020
30023
22310
122003
302021
330200
4020020
313001
20330
120302
22220
41030
303110
302030
1203002
20321
3200210
3002003
3002000
4020002
3200201
3002
1030130
313010
3002012
20303
20300
3002021
1220300
204002
3101300
1032020
2210300
3002030
200132
204020
1030103
3040010
1030100
401030
222200
20312
3040001
1032002
12320
3020012
4200002
3041
200123
200120
120230
420200
2130020
3020003
3020000
3020030
4200020
224000
200102
2012300
3040100
3020021
41000
41003
120203
1030022
3023
120200
3020
3011
303200
4000310
2022020
3014
20231
12302
1030031
302000
302003
4000301
3002102
3032
3400100
3202100
22202
2130002
1203020
1032200
20240
1030040
302012
2200400
4202000
3022010
3302000
4400000
43100
222020
3130100
3022001
2220020
2022002
1030013
3400010
200042
1030010
22100
1030004
2220002
22103
332000
2132000
1030001
200033
3400001
131003
300020
131000
300023
200030
20420
200024
330101
4010300
3014000
200021
330110
3200120
3200102
2020040
200012
3410000
300002
100403
300014
100400
22130
200000
200003
300011
133100
1043000
122300
2020031
3000023
3000020
100430
330002
3200021
4000400
1022
22031
133010
2020022
1010
131030
1400300
1013
330011
22022
3200030
1001
22040
3200000
20402
3200003
2020013
2020010
1004
401000
4020200
3000002
3311000
401003
24200
43010
3000014
2020004
133001
3000011
3200012
2020001
3130010
3012002
3130001
3212000
330020
3012020
222002
3000032
422000
3000041
4300100
1100
3320000
1103
311003
311000
4103000
2001002
100202
104030
104000
3230000
104003
3102002
221030
3023000
100220
2001023
1034000
100223
2001020
1133
1130
300032
4001030
1040003
1040000
110003
311030
110000
300041
3310100
3320
3302
4003001
2300300
221000
1310003
1310000
230201
221003
2320001
3311
1040030
2320010
1230020
2040200
1030202
1001000
40130
302210
1001003
300131
100133
1034
12020
3221
12023
100130
1013003
1300400
1003202
230210
1013000
110033
1203200
102320
1230002
1030220
3230
1031
300140
1310030
4003010
3200
110030
3203
12002
2320100
1001030
402002
1040
1043
430100
1001033
3212
40103
40100
1003220
100103
102302
402020
100100
300101
2231000
34100
302300
240020
3102020
1013030
300104
300110
240002
300113
300122
1220
1223
100331
1003013
1003010
300203
300200
2300210
1003022
123200
100322
1030301
1003031
300221
320300
1232
3140
230300
300212
100340
2300201
40040
302120
1300310
40022
302102
102230
1003040
2003300
100301
140003
1030310
40031
140000
3301100
40004
100313
404000
40001
140030
3104000
40013
1300301
100304
100310
40010
43001
3101
2012003
23021
2003201
2012000
131300
302201
23012
102200
14300
2003210
3301001
102203
3102200
2103200
3301010
2012030
3011300
1003103
23030
1003100
3131
1100000
3202001
1100003
2001032
100232
3202010
3122
1232000
300230
1202
23003
3122000
1340000
3113
23000
3104
1003130
3110
1100030
3221000
10043
1300202
2203100
10040
322100
402200
12203
10034
12200
10031
31301
1300220
300320
1003400
3100040
1030400
10022
31310
1040300
1100033
242000
10013
232100
300311
1400
1403
10010
10004
2020400
10001
104300
201230
300302
2001230
40400
300401
1304
2003102
1310
2001200
2001203
1300130
300410
10103
1301
10100
1001300
1001303
201320
123020
3100103
2120300
3100100
2203010
2400200
2040002
230012
413000
1340
201302
12230
102020
230000
1331
320201
102023
230003
1300100
2300102
1300103
1403000
2003120
320210
2300120
1001330
1322
1302020
341000
2040020
1313
1304000
3100130
102032
203300
2003030
3401
40301
2103020
2031200
2010002
2201030
4003100
102002
40310
230021
2003012
34010
1230200
230030
2003021
3410
34001
10133
320012
123002
10130
2400002
2042000
2203001
2010032
12032
1300040
320003
320000
100040
2400020
320030
3000401
100043
1003301
14000
14003
1003310
3000410
100034
320021
2010023
2103002
2010020
100031
232010
2300003
2300000
1300001
1302200
1430
230102
1300004
100022
1300010
10232
232001
14030
311300
320102
1300013
2300012
320120
4301000
100013
100010
1300022
4001003
2001320
4001000
2300021
100004
10223
1300031
2300030
10220
100001
2201003
3000320
2201000
3100022
2001302
40202
10202
2003003
2003000
3100031
31400
3100001
3100004
230120
3100010
3113000
3100013
40220
3001310
1100330
1430000
23300
3001301
1022030
3003002
2032100
31103
31100
31040
1330001
3100301
1100303
1100300
201002
1330010
201023
3100310
201020
31013
31010
2120000
2120003
400301
1320200
31022
2031002
201032
31031
203210
3210020
2120030
203201
400310
3001220
3100400
1020032
2302001
2302010
3210002
1022000
1022003
2032001
31004
331001
2032010
31001
310400
2031020
312200
3041000
203030
31202
3100202
1130000
1130003
2021300
203012
2100320
3003110
203021
31220
3100220
3003101
4220000
1020020
3001202
21302
1020023
3210200
2201300
400202
1130030
1020002
2100302
400220
1302002
11300
11303
1133000
1200023
1200020
203102
2302100
1330100
1200002
310310
322001
11330
3001100
322010
21320
3001103
400130
203120
310301
1200032
3030002
3110300
3021200
3003020
31130
2100230
3001130
3030011
3003011
201203
201200
4001300
3110000
3110003
3001031
1320020
1022300
3013010
42002
303002
2013200
3013001
400100
400103
1320002
2023100
3001040
312002
42020
303020
3003200
4040
303011
23102
4100300
312020
4004
1013300
1031030
1020302
1003004
4001
23120
3131000
1003001
4013
4010
400040
4022
2102300
110330
2220200
4031
21200
21203
21230
3001001
400031
3001004
220202
1310300
400022
1031003
1031000
1020320
303101
400010
220220
110303
203000
3013100
13400
3001022
110300
400013
203003
3001010
400001
3001013
400004
130004
240200
2033
1202030
130001
1020230
130013
2042
21002
130010
2021030
223001
2021
2402000
2024
21020
331010
21023
2030
2003
2000
1223000
3021020
132020
21032
223010
2312000
2012
130040
23210
220400
1130300
130022
3201200
3011000
3310001
3011003
130031
3401000
23201
1202003
2021000
132002
3310010
4040000
1202000
2021003
3021002
301022
331100
2023010
301013
220301
3120020
301010
220310
301004
42200
301001
3120002
1322000
3011030
314000
431000
1020203
301040
1020200
223100
3110030
2023001
134000
301031
