2200
1
22000
22003
2203
4
301303
1000030
1033030
301300
10
33040
13
22
2000032
3003400
3220300
1000003
1000000
403030
33031
31
34
2000020
2000023
2233
223300
43
40
2230
2000002
1000033
3331000
103000
103003
2002030
3030310
200323
200320
4000033
220030
330400
200332
2330002
33103
33100
220003
220000
2002033
2302
103
103033
100
310000
310003
4000003
4000000
340300
1033003
103030
1033000
403003
403000
4000030
33130
2330020
2002000
2002003
3030301
4300300
3400300
130
133
2230003
2230000
3300013
33202
330310
3300010
200302
3300004
3300001
13303
304030
13300
304000
304003
3300031
3203020
4030030
220033
3300022
3010330
4030000
4030003
3300040
200203
3203002
202
200200
3103030
3430000
220
33220
223
130300
130303
330301
200233
3103003
3103000
232
3030400
200230
2332000
1303030
30340
3030130
2000302
340030
3300100
3300103
340000
340003
3030103
304
202330
3030100
1000303
1000300
310
1303000
313
1303003
130330
3300130
32302
403300
3010303
2030230
233200
3010300
301
343
202300
202303
340
2002300
30403
2002303
30400
322
334
2030320
30430
331
32320
2000323
3220000
2000320
3220003
3030040
2000332
3300220
1330300
3034000
3030022
2230030
2030302
3300202
3030031
3220030
103303
13003
13000
103300
4033000
30223
310030
30220
403
3020302
400
2323
30232
2320
310033
2332
13033
3032020
3020320
103330
433
2002330
13030
2033200
3030220
3032002
430
4030300
2000233
2200000
3030202
2200003
4330
1000333
2000230
3300310
1000330
30301
3300301
2030200
2030203
2200030
4300
2000203
2000200
2200033
4303
30313
33004
30310
2323000
30304
33001
233002
33013
33010
30331
233020
33022
301330
30322
323200
3010033
30133
2303002
30130
32032
3020200
3020203
3010030
3010003
30100
3010000
30103
2030002
3002302
3000103
3000100
32002
2303020
303400
32020
430003
430000
32023
20032
4300003
3004030
430030
4300000
3002320
343000
3000133
30202
20023
2030032
3000130
20020
2030020
20002
202000
202003
2030023
4300030
3004000
3004003
202030
313300
3020230
202033
323020
2020330
30013
30010
3200320
10333
30004
3000202
10330
30001
3031000
3031003
3000220
20203
3000223
20200
2020303
2020300
3000232
3020032
3031030
32230
3002200
332200
22303
3002203
22300
2033020
3033100
3130300
2200300
2200303
2033002
3302200
30040
22330
30043
32200
3002230
3000301
30034
32203
10300
3200302
43300
10303
3000310
2303200
323002
3022300
3000304
30031
3000313
30022
20332
330202
302023
302020
313003
313000
20320
20323
3002002
3004
4000330
3200200
303130
3001
3200203
302032
20302
3304000
2200330
3002020
3002023
3040030
3002032
33310
330220
33301
3200230
3040000
3040003
3040
3043
3020002
330130
33400
3020023
3020020
3031300
334000
20233
3022
3010
303202
1030030
20230
3013
313030
4000303
3034
1030033
4000300
302002
3302020
4330000
303220
3031
3302002
3400030
1333000
3022003
3103300
3022000
3330100
332020
332002
1030000
3400003
3400000
1030003
200032
300022
330100
330103
200020
300031
200023
3004300
300004
3202300
300001
2020033
300013
3313000
2330200
300010
200002
3000022
2020030
330004
3200020
3200023
303301
330001
22030
3000031
330013
330010
303310
43030
1000
3200002
1003
3000004
3130030
3000001
22033
3000013
1303300
3000010
2020003
133000
2020000
133003
3130000
3130003
330040
133030
3200032
3022030
330022
3000034
330031
3000040
3000043
3320002
133300
3230002
3320020
3023002
2300320
3013300
300034
3313
2320030
302230
3023020
3322
300040
300043
4003003
2300302
4003000
3301
2320003
230203
2320000
230200
3310
3304
300130
1033
3220
300133
3223
302320
1030
3202
4003030
230230
3230020
300100
300103
302302
3040300
3203200
3232
100330
300202
100333
331300
320302
300223
1003030
1030300
1030303
300220
40033
230302
2300200
1003033
430300
1300330
2300203
34300
100303
100300
2003302
40030
1030330
40000
40003
230320
2003320
1300303
1300300
43003
43000
2003203
23020
3100
3103
2003200
23023
302203
302200
3301003
3301000
23032
3230200
2003230
3202030
300232
3202003
3130
3202000
3301030
3133
3310300
23002
2300230
232300
320320
300340
2320300
10033
31303
10030
31300
4303000
300322
3100033
300331
300310
300304
2300032
10000
10003
300313
31330
300301
300400
300403
320230
2203030
1303
1300
3320200
40330
320203
230002
320200
1330
1333
2032300
4003300
203302
3403
3400
230032
2003032
40300
40303
3033010
320032
3000430
3033001
230023
230020
3232000
34000
2003020
203320
2003023
34003
34030
2233000
3330010
1300033
3330001
2203003
3430
2203000
320002
3000403
300430
1003303
1003300
3000400
320023
100033
320020
1300003
2300002
100030
1300000
3340
232003
3331
232000
322300
1003330
2300023
232030
2300020
1300030
100003
100000
3301300
3000322
3322000
2003002
3000331
3100030
3100000
3000340
3100003
3023200
333100
3100330
23302
3003004
3001300
3001303
3003001
23320
1330030
2302030
1330000
1330003
3100300
400330
3100303
3001330
2023300
3043000
203230
400303
400300
2203300
31030
3300400
203200
203203
31033
2302000
2302003
2032030
2032003
2032000
3223000
331003
331000
31000
31003
3032200
3003130
2230300
203032
203020
203023
3003103
3003100
310330
322000
322003
3003040
3403000
322030
310303
310300
3003031
3030001
3003022
3030004
3003010
3030010
3003013
3030013
3001033
3001030
3303100
303001
3013003
3013000
303004
2302300
4033
303022
3003202
303010
303013
3003220
13330
3013030
303031
1003003
4000
1003000
4003
303040
400033
4030
3001000
3001003
400030
1033300
303100
303103
203002
400003
400000
3340000
2032
130000
433000
130003
331030
223003
223000
2020
2023
2002
23230
130033
3310003
3310000
130030
23203
23200
223030
3003310
220303
220300
3310030
3003301
301003
301000
3303010
2023030
3303001
304300
333010
3133000
220330
2023000
2023003
301033
333001
301030
