3320000
2
3320003
23303
2303003
2303000
23300
32033
3003002
3203300
3230000
33032
3230003
20
23
2000033
2300330
3023003
3023000
3320030
32
23330
300032
2030003
2303030
2000030
2030000
3323
32000
3002303
3320
32003
3233000
3002300
2300303
3302
32030
2300300
2000000
2000003
3023030
2033030
20033
302330
20030
30203
30200
200333
200330
2030033
2330003
2003330
3230
3002330
2330000
3200
3203
2030030
3030320
20003
20000
2303
2300
302300
302303
3230030
3332000
3233
2330030
3302300
3030302
233300
300203
300200
203030
203033
3000200
3000203
30002
3200330
3303200
320303
320300
230300
323030
230303
33200
33203
200300
2003300
3000230
200303
2003303
3033200
3000233
3203030
3300002
3020033
330320
333200
3300020
3300023
230330
3203000
200
203
3203003
3300032
23033
33230
2033000
2033003
330302
23030
300233
3003032
233
3032300
30032
230
3000302
3200300
300230
3200303
23003
3030002
323003
323000
320330
23000
3003023
3003020
30020
30023
330203
20333
330200
20330
33320
302030
2000300
2000303
303002
3002003
3002000
300320
3002
300323
302033
300332
2033300
20303
20300
303020
3003200
3003203
303023
3330200
2300033
3002030
330230
303032
3002033
32300
32303
300302
3003230
33302
3320300
302
3323000
3020003
3230300
2303300
3020000
3020030
3023300
2030330
323
32330
320
2330300
332
332300
3030032
3023
3020
230000
303200
2000330
230003
303203
2000333
302000
3032
302003
3302030
2030303
203000
3030023
3030020
203003
2030300
303230
3300203
3300200
203300
2033
3302003
3302000
203303
332030
3033020
233030
2003030
230033
3020300
2003033
3020303
320033
3033002
30233
332003
230030
2330
3300230
332000
30230
323300
2333
200033
3330020
2030
2003
300020
2000
300023
200030
3030230
3032030
3330002
3020330
320003
320000
320030
3032003
300002
3032000
200000
200003
3030200
2300003
3000023
2300000
3000020
3030203
330002
303302
3003302
3332
3200030
30302
3200000
3200003
3003320
3000002
3303020
3300302
303320
2300030
203330
3303002
330032
3000323
3000320
3000332
333020
33002
2003003
233000
2003000
233003
30332
330020
2333000
330023
3200033
3000032
33023
33020
3300320
333002
30320
30323
