11000
22001
1100
101300
2201
2
11003
1103
1000031
311000
2001002
4000100
11
100202
22010
1000022
14
1000010
104000
2001011
130100
100211
210200
1112
20
23
1000013
1002200
1000001
100220
1211000
1000004
2001020
2000021
1001012
32
3101000
1210001
1012010
1130
1040000
110012
1210010
110003
1012001
1001021
2000030
41
110000
1121
1000040
221000
2000000
1310000
2000003
2000012
2210
1001000
1001003
1210100
103001
12020
100130
2000120
1013000
1112000
1031
3200
110030
12002
1001030
2000102
220001
110021
1040
12011
2000111
220010
40100
100103
4000010
2300
101
100100
310001
300101
110
4000001
104
310010
300110
1121000
2002010
100112
113
2002001
103010
1220000
13100
122
100121
1101002
1220
1003010
140
300200
1012100
131
1000130
1001102
2002100
1101020
2001101
200300
2102
100301
103100
140000
2111
40001
1002110
1102100
1002101
100310
1001120
2001110
101120
40010
3101
200
203
200201
2012000
102200
221
301100
1002011
212
1200200
200210
2120
1002002
1003100
101210
1100000
1001210
1100003
1000112
1002020
230
1001201
101201
1100012
1000121
1202
1000100
1000103
23000
1100021
1211
220100
3110
1100030
101030
1102001
1010102
2100110
10040
2000300
2100101
1102010
12200
10031
10022
10013
11210
4100
1400
311
2011001
1000301
10010
11201
10004
101000
10001
101003
101012
1301000
102110
101021
102101
1000310
302
1120100
1100120
2001200
1310
210011
1000202
101102
10103
1301
210002
10100
1000220
211100
1001300
320
1120010
1120001
1000211
3100100
1100102
1103000
2100200
410000
230000
102020
1300100
210020
1010120
410
13001
2010011
211010
2011100
2010002
401
1000400
102002
11120
113000
4100000
102011
13010
2100002
2101100
112010
1100210
10130
210101
112001
2100011
212000
210110
320000
100040
10112
14000
2100020
1011020
10121
11102
2010020
1100201
2200001
100031
2101001
2300000
1300001
1300010
100022
112100
2200010
1011002
1101200
111020
1110002
10211
1010030
100013
2011010
100010
4001000
310100
1010021
100004
2101010
2102000
100001
10220
11012
2010110
2000201
1010012
12110
2201000
11021
10202
2010101
1010003
12101
2003000
1010000
3100001
11030
2000210
211001
111002
3100010
3010100
2210000
1020110
2200100
31100
1020101
30101
3010001
3000110
1100300
3010010
201002
2030000
30110
120020
32000
3000101
201011
120011
2010200
111200
1021100
120002
202100
201020
2120000
20030
31010
30200
20021
202010
20012
202001
20003
20000
2020100
1022000
10400
31001
201101
20210
30011
3000200
1130000
30002
121001
10310
121010
1010201
4010000
201110
20201
1020020
1004000
1010210
1200101
1020002
1200110
1020011
11300
1011200
1200020
1021010
1200002
1021001
1200011
3001100
20120
10301
1400000
1010300
20102
122000
30020
20111
201200
3110000
3002000
3002
400100
20300
110210
2111000
121100
1030100
4001
1003001
200120
1110200
3020000
4010
2110001
200102
2110010
200111
21200
3001001
41000
1201100
120200
3020
3011
1031000
400010
302000
203000
110300
3001010
400001
130001
21002
110120
130010
21011
2021
1030010
22100
21020
1030001
2030
2003
300020
131000
2000
200030
200021
2012
110102
200012
3011000
300002
100400
2021000
200000
200003
1202000
300011
120101
3000020
1022
120110
1010
301010
1201001
1013
3200000
1001
2020010
401000
3000002
1004
1201010
301001
110201
3000011
2020001
21101
1020200
21110
1110020
2110100
