4400
22001
101300
2
101303
44000
132200
22004
4000100
4000103
11
22010
22013
14
13121
210203
130100
130103
210200
4000121
20
2000033
23
3012200
1002203
1002200
13130
1301300
4000112
2000042
2000021
32
210221
1002212
1014200
1200311
2000030
41
210212
1002221
2000024
44
1200302
2102021
2000000
1002230
2000003
2000012
2102030
210230
2000114
4000040
1002113
2000123
2000120
1002122
2013101
2330000
2024000
1002131
2013110
4102100
2000102
1200320
1002140
2000111
2123000
2102120
4000010
101330
130112
2102102
101
132110
4000013
1220030
110
4000001
130121
1220021
13112
104
4030100
132101
1033001
4000004
130130
101312
241100
210302
1033010
4000031
1220012
113
3012110
13103
1220000
1140200
1220003
101321
13100
3012101
4000022
122
1101002
130220
2102201
210311
3103100
1231010
140
143
221300
131
130211
134
210320
1101023
2230001
1101020
1200131
1200140
2230010
1014020
1101032
13310
2013002
1140020
2310200
4000202
440000
13301
2013020
304001
1002104
101132
4000211
130202
1002110
4000220
304010
101123
1002101
1231001
1140002
101120
2013011
101240
4030001
1033100
3203000
200
1200212
13211
241010
203
141002
4030010
1200221
13202
221
1002014
304100
1002011
130301
101231
212
1200200
1200203
241001
141020
1002002
101222
3103010
1231100
101210
4000130
210401
221201
233
101213
3103001
1002020
230
101201
1002023
101204
221210
210410
224
4102010
4004000
1002041
1200230
13220
4102001
242
1002032
2102210
101030
4130
101024
1010102
2202002
412001
2000300
2000303
412010
101033
2202011
2004101
101042
113120
2004110
2000312
1301030
1313000
3030101
4100
1301021
311
4103
3030110
314
2230100
101000
1301012
101003
4112
101012
1301000
1301003
130310
2202020
101021
4121
113102
202310
302
202301
341
210014
210011
30401
101102
30410
4202
210002
1301102
130400
4211
323
320
4220
332
321200
3220001
1010132
2000321
210041
2202101
2000330
3220010
2202110
210032
214010
1014002
1002401
3030020
113030
210023
2004200
210020
1010123
1002410
214001
1010120
410
113021
13001
141200
30221
13004
413
1002320
113012
401
404
400400
30212
2410001
1410020
13022
1240001
113003
113000
1200401
13010
2410010
30230
1200410
13013
1240010
1002311
440
2000141
4121000
1410002
210101
412100
210104
2004020
2000132
1132100
210110
1101302
321101
13031
1301120
2004011
321110
431
13040
2004002
422
3030200
210131
1010042
210140
1010033
1101200
1101203
3220100
2000231
1110002
30302
2102012
1010030
210113
1010024
202400
1010021
2000240
2102000
2102003
210122
4301
1002302
4211000
1010012
2000201
1301201
2000204
4013000
30311
1010003
233000
1010000
1301210
1101230
2410100
2000222
2000210
4310
30320
2000213
30131
2303000
1331000
30140
2020202
1010312
2210000
2020211
2210003
2110310
1010321
30113
4200200
30122
2020220
2210012
1010330
30101
3000104
321020
3000110
140300
2210021
30110
2110301
321011
30104
2210030
3000101
3000122
1132001
1041200
401300
321002
3211010
3022100
1021100
202103
1132010
3000113
1021103
202100
3000140
4300001
2020130
30203
4300010
30200
4022000
3000131
22400
113300
202010
202013
2401100
3004010
1021130
202001
4012100
3004001
202004
2020103
1010402
2020100
202031
213200
1123100
1101320
202022
3211100
202040
2020112
1010420
2020121
2110220
30014
2000411
30011
2141000
3000200
3000203
2000402
30002
420020
401210
420011
1010204
3031001
1010201
3000212
420002
401201
122102
3000221
202202
3111200
1010222
202211
213011
3000230
2020301
3031010
213020
1010213
202220
1010210
4110200
1010231
313100
2020310
213002
2000420
2110400
202112
122030
1021022
213110
22301
202121
1010240
1021010
122021
1021013
1021001
202130
1021004
213101
4031000
30041
1400021
1021040
30032
1400030
3000302
122012
3000311
3004100
1010303
1400003
1400000
113210
1010300
2202200
1400012
113201
122000
30020
1021031
30023
22310
122003
1321100
330200
1030112
313001
22211
22220
303110
1030121
1400102
2311100
122210
1400120
4110020
12401
1030130
313010
12410
2110022
1220300
420101
122201
2110031
420110
2210300
1201031
1030103
2101301
1030100
401030
222200
2101310
1201040
2110040
12320
4200002
1201130
420200
4200011
2210201
4200020
1113200
2110001
401120
222110
2110004
2110010
1021400
2012300
222101
2110013
1201103
1201100
1030022
4110002
303200
4000310
12302
1030031
1041020
4000301
12311
3202100
2210210
401102
1041002
22202
1032200
1030040
122120
3022010
4400000
3302000
43100
222020
3130100
3022001
1220201
2220020
2220011
1030013
1220210
2210120
2110202
1030010
2101400
22100
1030004
2220002
22103
2132000
1030001
1021202
300020
131003
300023
131000
4200110
330101
22121
1400201
1021220
1123010
1321001
330110
22112
4200101
2020040
1400210
3410000
1321010
100412
300002
100403
300014
100400
22130
300011
133100
2020031
122300
401021
3000023
3000020
2311010
100430
330002
3111020
4000400
1022
22031
133010
100421
401012
1201004
2020022
1010
1400300
131030
1013
330011
1201001
22022
131021
1001
22040
1201013
3211001
2020013
2020010
1004
3000002
401000
401003
1123001
1201010
43010
131012
3000014
2110130
2020004
1201022
3000011
133001
2020001
3130010
1220102
3012002
3130001
2401001
2210102
2012210
4101200
3012011
3212000
3111002
2401010
3012020
330020
222002
2012201
1021310
3000032
222011
2311001
3000041
2110100
1220120
4300100
2110103
1021301
1100
3320000
3011120
1103
1210040
14102
131120
240101
1112
1210022
240110
1034000
1210031
1133
1210001
1130
300032
4001030
1210004
110012
1210010
110003
1124
1201400
110000
300041
3011102
1121
1210013
121400
1310003
1310000
14120
2320001
1142
1310012
2103110
2320010
131102
40130
1003211
1210100
300131
1201301
40121
1034
1210103
1310021
4001120
4101002
110042
2103101
1003202
1201310
40112
110033
102320
1031
1310030
300140
4101020
110030
110024
2320100
110021
1040
1043
430100
102311
40103
40100
1003220
102302
14201
300101
240020
300104
4001102
2012102
300110
240002
1104200
300113
2012120
240011
300122
1220
1223
1003013
1003010
300203
300200
1003022
1003031
320300
300221
4001210
1232
14210
4001201
1310102
300212
1201220
1241
40040
131210
40022
1003040
102230
2003300
1310120
140012
140003
131201
40031
140000
40004
3011210
404000
40001
140030
102212
3104000
40013
3011201
102221
140021
40010
2012003
2003201
2012000
131300
2012012
102200
14300
2003210
102203
2103200
2012021
2012030
3011300
1003103
1003100
1100000
1100003
3202001
1003112
3202010
1100012
1232000
1113020
1201202
300230
1202
1003121
3122000
1310201
1100021
1211
1100024
1003130
1113002
1214
1100030
102122
3221000
10043
2203100
10040
102113
140120
10034
10031
140102
1003400
300320
102140
1100042
3100040
102131
10022
1100033
1210301
10013
232100
1302101
300311
1400
1403
10010
10004
2020400
1302110
10001
102104
201221
102110
201230
300302
102101
1120103
40400
1120100
1100120
300401
3100121
1304
2003102
1120031
1100123
1310
3100112
1120022
300410
10103
1301
10100
1120013
1120010
201320
1120004
3100103
1120001
1100102
2203010
3100100
1210310
413000
1340
201302
102020
1331
320201
102023
201311
2003120
1403000
1131200
320210
1322
102041
1302020
1120040
2003111
1313
3100130
102032
1100132
2122100
201401
2003030
2103011
40301
2103020
1120220
102002
40310
2003012
102011
1120202
102014
2003021
10133
320012
1100213
1104002
1100210
10130
2042000
1100222
10142
2203001
320003
320000
1131020
1011032
320030
1241000
1104020
1003301
10112
1024001
14000
14003
1003310
10124
14012
1011023
1011020
1100204
320021
1210130
10121
2103002
1024010
1100201
232010
1100240
4001021
1210220
1302200
1430
14021
320111
10232
232001
1011002
4001012
14030
311300
320102
10211
320120
114020
10214
4001003
1024100
4001000
1120130
1412
1100231
10223
1421
10220
2122001
114002
3100022
40202
2122010
10202
2003003
140210
3100031
2003000
40211
3100001
140201
3100004
1210202
201410
3100010
3113000
3100013
40220
1020122
1240100
21401
1100330
3210110
1430000
1100321
1020113
3210101
3003002
1020104
1020110
1020101
1330001
1100303
3100301
1100300
201002
1330010
2021120
201011
1100312
1020140
2211002
201014
21410
1020131
201023
3100310
201020
3021101
2211020
400301
201032
201041
1020041
3210020
400310
1020032
3100400
1100402
3021110
1131002
2302001
3210011
2302010
3210002
2021210
331001
2021201
2111300
312200
201101
3100202
121004
2011400
121001
3100211
201113
2021300
121013
121010
1410200
201104
121022
3003110
421100
201110
114200
3100220
201131
3003101
1011302
1020020
4220000
21302
1100420
1020023
3210200
201122
214100
21311
400202
1302011
1020002
400211
400220
1020011
1011320
1302002
201140
1020014
1011200
1011203
1330100
2302100
312110
312101
1011230
21320
421010
400130
110420
121031
121040
3030002
201212
3021200
110402
3003020
421001
3003011
3030011
201203
201200
4001300
21131
1042010
400121
1042001
21122
110240
400112
121130
400100
400103
2111030
21140
2211200
110222
312002
3003200
312011
110213
110210
1202120
2111000
121103
1020410
1310210
121100
2011310
4100300
2111003
312020
110231
2011301
1020401
110312
3201101
1003004
1020302
1003001
3131000
3112100
121202
400040
21212
2102300
110330
1202102
110321
1020311
3201110
21200
21203
21230
400031
1310300
21221
2114000
400022
1020320
400010
110303
13400
400013
110300
400001
400004
4021100
130004
2033
240200
1202030
130001
4100210
1020230
1124000
130013
1202021
2042
21002
110120
110123
130010
1112300
110132
2021030
21011
223001
2021
21014
2402000
2024
21020
4100201
331010
21023
2030
2021012
2003
3112001
2000
1223000
3021011
2021021
3021020
3112010
132020
21032
2312000
223010
2012
130040
110102
130022
3201200
21041
121220
1202012
132011
3011000
3011003
130031
2021000
1202003
4040000
132002
3021002
2021003
1202000
301022
2011220
331100
3011021
301013
301010
3011012
2011202
301004
301001
110201
101402
110204
2021102
1322000
3011030
1042100
4021001
121301
431000
21101
4100120
121310
1020203
301040
101420
1020200
21110
223100
1020212
4100102
21104
4021010
1020221
301031
21113
11000
2201
11003
3201002
2204
1000031
301301
2321000
143000
1000022
301310
403010
3101030
1000010
200402
3201020
2310020
4002002
1000013
200411
4310000
3201011
1000001
1202201
1211000
1000004
1211003
4002011
3101003
1012010
3101000
4002020
1012013
1202210
200420
1012001
2231
1012004
1103300
1000040
1000043
2222
3101021
1012031
2210
1000034
2222000
3101012
2213
1012022
103001
2310101
220022
2420000
2002031
103004
1012040
200321
220031
33110
2310110
2002022
200330
1112003
1112000
1112030
220004
301220
33101
2002040
220001
220013
220010
2240
1311002
2303
1004300
310004
2300
310001
1031210
3120200
231200
301202
310013
1311020
103031
301211
1031201
310010
1121000
403001
2002010
1121003
2002013
103022
2002001
103010
2002004
1202300
103013
1103201
120401
1012103
1012100
2104100
1103210
120410
2002103
1000130
2002100
103040
1000133
1000142
24002
33200
3101120
1012130
2102
200300
3300011
200303
24011
103103
1311200
103100
2111
3300002
200312
220040
301130
24020
301121
3300020
3010400
1031300
103121
2132
200204
301112
200201
2141
3101102
103130
120320
301103
200222
212300
301100
2114
103112
200213
2120
3010310
403100
200210
220130
2123
2002112
1000112
2310011
220121
1000124
2002121
200231
220112
1000121
2310002
1012202
2301200
1000100
2002130
1000103
1103120
1012220
2041100
220100
220103
1211030
200240
2100104
11240
1103102
212102
2100110
410102
231002
2100101
2002220
1303010
3300101
2100122
340001
212120
2100113
3300110
340010
2002211
1004120
11210
2011004
11213
2002202
2011001
103211
1000301
2100140
11201
2100131
1303001
2030210
11204
103202
231011
1000313
1402100
32300
11231
310202
103220
3010301
1000304
1004102
1000310
231020
11222
1412000
2002301
2041001
1000202
310211
4011002
310220
4002200
1103030
2301101
2301110
1103021
1000220
1402001
1000223
410030
1103012
3010202
1402010
1000214
124100
410021
1000211
2041010
4130000
3010211
410012
2100203
1103003
1103000
1000232
2100200
410000
410003
212201
3010220
2213000
2100221
212210
2104010
2030300
2100212
3300200
1000241
2104001
103301
4100021
1121030
3010121
310031
2011100
3020300
4100030
103310
2312
2011103
3010112
2030120
310022
11123
1000400
310040
2321
11120
1000403
4100003
3001400
4100000
2330
4100012
231110
1000412
11132
3010130
2100002
2301002
212012
1000421
2100011
212003
212000
2011130
2100014
1000430
2030102
2002310
301400
2100023
2301020
212030
3032000
2100020
2030111
2301011
340100
212021
11102
2200001
11042
2100032
2200004
1004210
2011031
1000322
2200010
111023
2200013
2100041
1000331
111020
1000340
2002400
2011010
2011013
2200022
310100
2030201
111032
310103
1004201
2011022
2200031
1211300
11012
231101
1142000
310121
2402
4002110
11021
103400
2200040
4002101
33002
2411
310112
124001
2420
2011040
11030
11024
33011
111002
33020
124010
11033
3010103
310130
3010100
2200121
2010221
3010040
41300
2200112
2204000
3020210
4010120
2010212
3020201
120041
1023002
3010022
120032
2200100
3010031
2010230
2200103
32012
1023020
3010001
2130200
3010004
111230
2030012
3010010
2030003
2030000
1120400
120020
32000
1023011
32003
3002300
3010013
120023
2010203
430010
102410
120011
32030
2010200
20042
120014
111200
102401
32021
111203
430001
120002
20033
3140000
20024
32111
20030
32102
20021
32120
2030030
20012
1420001
20003
2030021
20000
4210100
1420010
4010201
2121002
2010122
1210400
10430
1214000
4010210
10421
2010113
410300
3031100
2010140
10412
1023101
2121020
10400
10403
204200
2010131
2200130
1023110
20213
20210
10322
1120310
20222
111320
10331
10310
3002120
204110
111302
10304
4010012
4010003
204101
410201
20204
4010000
1120301
20201
10313
2200211
410210
2010311
1004003
1004000
4010030
1004012
4010021
2200220
10340
4210001
1004021
2010320
2121200
1004030
2200202
4210010
2240000
2200310
3002201
2022200
410120
10241
20132
2200301
2033000
2010302
20141
1023200
20114
20120
32201
20123
10301
3200300
3020120
3020102
323000
32210
1303100
20102
3020111
4010102
3002210
20111
302021
4020020
20330
120302
41030
302030
1203002
20321
3200210
3002003
4020002
3002000
3200201
3002
4020011
3002012
120311
20303
20300
3002021
204002
1032020
3101300
204011
3002030
204020
200132
3040010
1032011
2112200
20312
2022110
3040001
200141
2022101
1032002
200114
3101210
3020012
3041
200123
3101201
120230
200120
3020003
2130020
3020000
3020030
224000
2010410
200102
1222001
3020021
3040100
1222010
200111
2010401
41000
41003
3023
120203
3020
120200
3011
2022020
3121010
3014
20231
1012310
3121001
2130011
302000
3032
3002102
302003
120221
41021
1012301
24110
3400100
1203011
2130002
120212
1203020
3002111
20240
41012
2200400
302012
24101
4202000
1012400
2022002
2130101
3400010
200042
2022011
2130110
332000
200033
3400001
2221100
1203110
120131
200030
20420
200024
4010300
1203101
3014000
200021
120140
3200120
3200102
200012
41201
4020110
3200111
200000
41210
4020101
200003
1043000
120101
3200021
4112000
120110
120104
41102
3200030
3200000
20402
3200003
120113
1032101
4020200
3311000
24200
20411
3200012
3121100
1032110
120122
41120
2112020
1420100
2112002
422000
1222100
1122002
2014001
104021
311003
311000
1312010
2014010
2001002
4103000
1221200
100202
2221001
1312001
104030
2001011
104000
3230000
2221010
100211
104003
2001014
100214
3102002
211400
221030
3023000
104012
2001023
100220
3102011
2001020
100223
221021
1001012
1040003
1040000
1001021
221012
1102220
1040012
1013102
311030
3320
3310100
311021
3302
1040021
2300300
4003001
221000
1122020
221003
230201
311012
3311
1040030
1001000
1030202
2040200
1230020
302210
1001003
100133
1001042
1030211
12020
1230011
3221
1102310
1040102
12023
100130
1013003
1300400
100142
1013000
230210
1203200
1030220
1230002
3230
1212002
4003010
3200
1001024
3203
12002
1001030
1013012
402002
1040120
1212020
12011
1001033
3212
402011
12014
1013021
100103
402020
100100
142010
2231000
34100
302300
1013030
3102020
2113001
142001
1312100
2113010
100112
100124
1102301
100121
2001131
100331
2300210
2001122
123200
100322
1030301
1001102
2040110
1013210
3140
230300
2040101
2300201
1102130
100340
2001140
1013201
302120
1300310
302102
2001101
100301
1030310
302111
2014100
3301100
2212100
211301
3102110
2001113
1001132
100313
402110
221120
2001104
1102100
211310
3102101
1300301
1102103
100304
1001120
100310
1001123
2001110
402101
43001
3101
23021
211220
1013120
302201
23012
3301001
211202
3102200
1102202
3301010
221102
23030
3131
1001210
1001213
2001032
1401200
104120
100232
1001201
3122
1001204
23003
1340000
3113
23000
104102
3104
3110
2001041
100241
1102004
1001222
1300202
1102001
322100
1102013
1001231
402200
12203
123101
1102010
12200
4012010
2212001
12212
31301
1212200
1300220
2101202
1030400
31310
4012001
1040300
2212010
12221
1300211
1001240
242000
1401002
2101220
2120210
104300
123110
1401020
2001221
2001230
411020
2120201
2001200
2001203
1300130
2001212
2101130
104201
211100
104210
123011
1001300
1001303
211103
123020
2120300
1122200
311210
2040002
2400200
1001312
230012
2300111
12230
230000
2040011
1102040
311201
1001321
230003
1300100
1300103
2300102
211130
1300121
2300120
1001330
1102022
341000
2040020
1300112
1304000
1102031
203300
211013
2001401
112040
2010011
211010
2010014
3401
2031200
211022
2010002
4003100
2201030
211031
230021
311120
34010
230030
1230200
3410
34001
2101103
123002
2101100
112010
2010041
112013
12041
211040
2400002
112001
2010032
12032
112004
1300040
4120100
2400011
100040
2400020
3000401
100043
1001402
112031
3000410
100034
2010023
112022
2010020
100031
2300003
2101001
1300001
2300000
2101004
411002
1001420
230102
12140
2400101
1300004
112103
12131
100022
1300010
112100
230111
2400110
2300012
1300013
4301000
142100
100013
100010
1300022
2001320
2300021
2101022
100004
2101010
2101013
1300031
2300030
100001
12104
2010110
2001311
2201003
12110
2010104
3000320
2201000
2001302
2031110
1040210
2010101
12101
2101031
31400
1040201
12122
1230101
2201021
12113
230120
1230110
211001
2201012
2101040
311102
211004
3001310
2201201
1022021
23300
3001301
1022030
11420
4011200
2201210
112130
2032100
11402
1130120
31103
31100
31040
3110210
2031101
1421000
2001410
31013
31010
2120000
2100401
2120003
1320200
1130201
31022
2120012
1213010
2031002
2100410
112220
1213001
2201120
31031
2120021
203210
112202
2120030
203201
3001220
3110201
1130210
2031011
4120001
1022000
2140001
2032001
1022003
31004
1022012
4120010
2032010
2201102
31001
2031020
2140010
310400
1130012
31211
3041000
203030
31202
1130000
1130003
203012
2100320
2411000
203021
31220
11321
1200113
3001202
11312
112310
2201300
3001211
2100311
2120102
1200122
112301
1022201
1200101
1130030
2120120
2100302
1213100
1130021
1200110
11300
1200104
11303
1133000
1200023
1200020
3001112
411200
203102
4011020
1200002
310310
322001
1022102
1200011
2140100
11330
1200014
3001100
1110320
322010
3001103
31112
1022120
203120
310301
1130102
1121300
1200032
203111
3110300
1110302
3001121
31130
3001130
2100230
1200041
31121
3110000
3110003
3001031
3110012
1022300
1320020
3013010
42002
303002
1320011
112400
2013200
3013001
42011
2023100
1320002
3001040
2131010
42020
303020
1110230
4040
303011
23102
4004
1031030
1013300
4001
23120
4013
1110203
1110200
4010
1031012
23111
4022
1204010
1022210
1031021
1204001
2220200
4031
4201100
2131001
3001001
3001004
220202
1031003
1031000
42101
303101
220220
3013100
203000
3001022
203003
3001010
42110
3001013
220211
1031102
3110120
3110102
23210
1130300
220400
2220110
3120110
3310001
3401000
2220101
23201
3120101
3310010
2023010
220301
3120020
220310
3120011
42200
3120002
1102400
314000
4201010
1221002
1110032
1031120
3110030
2023001
2113100
4201001
2131100
134000
1320101
1204100
1320110
1110020
3110021
1110023
1221020
