3003420
22002
3
4030200
2310300
2310303
4030203
1033032
12
3103230
3103200
3103203
21
3003402
2000034
24
3220302
2000043
2000040
30
2310330
2000022
33
3321003
3321000
42
2000031
2330100
2330103
3233001
1200303
2000004
1200300
2000001
3233010
3220320
2000013
2000010
2330013
3402300
2330010
330402
4000032
3030312
2330004
2330001
3321030
3030321
1200330
2000103
1200333
3220230
2000100
3030330
330420
102
2330040
233400
4000002
1033002
3432000
210300
210303
2330031
1033023
2330022
1033020
123
4000023
3030300
4000020
3030303
120
4000230
233301
2013033
4300302
2013030
132
4000233
233310
132330
304032
2230002
130233
210330
3203040
130230
3012330
3333000
210333
304020
2013000
2013003
304023
4030032
132303
342300
4300320
132300
330312
13302
4000203
3203031
4000200
4030023
4030020
304002
330321
3203022
130203
130200
3012300
1033203
3203010
1033200
3012303
330330
3203013
3123030
3203004
204
4030002
201
2004303
2323200
3103032
3203001
321330
2004300
2043300
13200
13203
3313200
3103020
233220
222
3103023
3123003
130302
3123000
213
1002003
330303
210
330300
1002000
330240
321300
1002030
321303
2004330
3103002
234
231
3030402
13233
13230
3030420
1002033
243
240
3030132
30342
2202000
2400303
2400300
3220032
2202003
2000301
2043000
4230300
2043003
1330203
2000310
1330200
2000304
3030120
2000313
3030123
3030102
130320
130323
2202033
202332
202323
312
130332
202320
2202030
233202
300
3210300
1330230
3210303
303
342
233103
233100
202302
30402
3034020
4203
210000
210003
4200
3321300
30423
324
30420
321
333
330
3210330
2000322
3030033
3220002
30432
2400330
233130
2000331
3030042
2230032
2000334
210033
210030
3034002
1330302
2000343
3220020
2000340
3220023
3030021
3030024
3030030
2230023
2230020
13002
1002330
1002333
233031
30222
402
30210
312330
30213
30234
233040
1330320
3233100
13023
13020
4030320
30231
3030240
2323020
13032
2004030
2230230
4233
3220200
3220203
432
342030
30240
3030231
30243
2000133
2000130
4230
3030222
3030213
4030302
2004003
420
3030210
423
2004000
2000232
3030201
4332
3030204
2334000
2230200
2230203
4323
4320
30303
30300
2004033
2000202
1002303
321030
4302
1002300
30312
2043030
233004
233001
2323002
321033
30333
233013
2000223
30330
233010
2000220
4030230
30324
233022
30321
2303004
30132
3033300
2303001
2020200
2020203
3130230
2202300
30123
30120
2202303
30102
303420
4320030
2303031
3000102
3000123
313230
3000120
2303022
303402
321003
4320000
4320003
321000
2303013
3130203
2303010
3130200
4300002
3202320
343002
3000132
3004020
30201
3302310
3004023
30204
313320
4300023
4300020
3042030
2303040
202002
3022200
3022203
3004002
2303100
3042003
2303103
3042000
313302
202023
202020
3302301
343020
4200300
4200303
202032
2202330
30012
2020332
420030
3000201
2020320
334200
2000400
2000403
2020323
3000204
30003
2303130
30000
4200330
3000210
3031002
213030
3000213
420003
420000
213033
202200
3000222
202203
3033210
3000231
3031023
2020302
3031020
3000234
2000433
3033201
3302220
202230
3000243
3000240
3004032
3031032
2000430
213003
3022230
3130320
213000
202233
313200
313203
22302
2330400
3033102
3130302
3022320
3302202
30042
22332
2303220
2020233
22320
2020230
3000303
30033
22323
3000300
43302
3022302
30024
2303202
43320
30030
30021
420033
3000312
3033120
3004203
330201
3004200
313002
330204
43230
3302130
313023
313020
303132
22230
43203
4000332
43200
1032300
4000320
4000323
1032303
303123
22233
4300200
4300203
303120
2330310
334020
3302100
330231
3302103
3332100
330222
330210
330213
4200000
4200003
2303310
330132
12330
12333
2303301
4330020
330123
330120
2330301
3402003
4200030
3402000
3042300
334002
313032
303210
303213
3302040
1030023
1030020
4200033
3402030
303201
3004230
303204
12303
12300
4000302
3302031
1030032
4300230
303231
22203
4330002
3302022
22200
303222
3004320
3302001
3012033
2220030
3302004
3302010
3022002
222030
2330220
3103302
303240
3302013
213303
213300
3103320
222033
2220003
2220000
1030002
300021
330102
432030
300030
300024
3423000
3004302
2303400
3313020
3202302
300000
300003
300012
2020032
432000
3313002
432003
4300032
2330202
4330200
3000021
43032
1020
303303
330003
330000
1023
303300
420330
2020023
3000030
133020
330012
3130032
2020020
133023
22020
3000024
22023
3202200
303312
1002
3202203
3000003
43023
43020
3000000
22032
303321
3000012
2020002
3130023
3130020
133002
420303
303330
420300
3012000
330033
3012003
2223300
3130002
3022032
330042
330021
222000
1032330
2330130
213330
222003
3000033
3022020
3022023
330030
3012030
3202230
330024
3000042
133032
2003403
3320001
2003400
3320004
3320010
3312300
1323000
3320013
1323003
2320032
232320
3320022
320430
3320031
2320023
2320020
300033
320400
320403
3320040
2003430
300042
430200
430203
2320002
4203030
1032
102333
2003340
300132
102330
1003203
1003200
2003331
324300
240033
1003230
1302330
102303
102300
2233200
300102
1003233
3002430
240030
240003
240000
3002400
3002403
300120
300123
1302303
1302300
300204
320313
300201
1003023
320310
1003020
1230
331302
320304
300222
331320
320301
4020300
1233
232200
232203
40032
4020303
300213
300210
430302
1003032
40020
40023
2003301
2003304
2003310
4020330
2003313
430320
40002
232230
2003322
3202032
222330
2003202
2223003
2223000
2003223
430230
2003220
3202020
3202023
3202002
300234
2223030
222300
2003232
222303
320340
300231
1203
1200
4303200
320331
232302
300240
300243
320322
300342
2320302
10032
300324
300321
4303002
300333
10023
2333100
10020
4203300
300330
3100032
4303020
2034300
320133
320130
3320310
300312
10002
300303
300300
3320301
2003100
300402
2003103
201330
2203032
201333
343200
320232
3320220
1302
3021330
2203020
2203023
3232200
3320202
2320320
1302033
2003133
102030
201303
2003130
4320300
40332
201300
40323
320202
40320
1332
1320
1323
102033
320223
320220
1302030
320040
3232020
320043
2003031
2003034
3324000
40302
320034
3232002
102003
102000
2003010
2103030
2003013
3330030
3302400
3320130
2103033
3330021
2003022
2233002
320013
320010
3330012
2203002
3330000
320004
3330003
1003323
300432
320001
1003320
320031
2003043
1003302
2003040
2233020
300423
320022
300420
2103003
2103000
10230
40230
40233
232002
10233
320100
2320230
320103
1003332
232023
232020
2320200
2320203
3100020
3100023
10200
40203
2333010
232032
2003004
10203
40200
2003001
3100002
2333001
3320100
3320103
1330032
2302032
2034030
3100332
3100323
3100320
3003000
3201303
3003003
3201300
1330023
2302023
1330020
2302020
312300
312303
400332
3303300
1330002
3100302
201003
201000
3201330
400320
400323
3043020
2034003
2034000
201030
3043002
400302
201033
3210033
2203302
2203320
3210030
2433000
1020033
4230030
2302002
3210000
3210003
331002
3003132
400230
3240003
3303210
3240000
3100203
3100200
3303201
3003120
4032000
3003123
4032003
400233
3021300
4032030
3021303
4230000
4230003
3240030
3213300
3003102
2302200
2302203
21300
3420030
2203203
2203200
21303
400200
1020030
400203
1020000
1020003
3420003
1302000
2203230
1302003
3420000
3320400
21333
21330
3034200
2133300
3003042
3003033
3100230
3403002
3003024
3003030
3100233
3030003
3030000
3003021
3003012
3030012
3201033
312033
3303102
304203
304200
240330
3312030
324030
3403020
3201030
3003240
324003
324000
3312000
3312003
2302302
13323
3003204
312000
312003
13320
3003201
304230
3003213
3003210
3003222
2302320
1033230
3003231
13332
312030
1020300
1020303
1003002
331230
331203
331200
2302230
1033320
400032
3303120
1020333
1020330
223200
223203
3043200
1033302
240303
240300
400023
400020
400002
223230
2034
331032
130002
2040
21000
21003
2043
304320
3213000
3213003
331023
223002
3021030
331020
2022
2031
3021033
132030
3213030
2001
21030
223020
2004
223023
130032
2010
21033
3003330
2013
223032
130023
4032300
130020
3240300
132003
3021000
3342000
3021003
132000
301023
301020
3303030
3003303
3003300
3403200
3003321
2133030
301002
3303021
132033
3003312
3303012
3303000
304302
3303003
4203003
4203000
301032
2133003
2133000
403020
2310033
3201000
2202
3201003
403023
301302
33042
1000023
1000020
200403
1233300
33033
200400
4002000
403032
4002003
1000002
33024
33030
2310030
2232
4332000
340230
223302
323400
4002030
2232030
200430
200433
2223
2232000
3430020
2232003
2220
4002033
1000032
223320
3331002
220023
340320
220020
103002
200322
301233
200334
3024003
3024000
3331020
2002023
200331
2002020
33102
200343
200340
220002
3024030
301230
2002032
3231030
2301
103032
2301330
301200
3400320
301203
310002
340302
33132
3231003
403002
3204300
3231000
103023
103020
2002002
33120
33123
24033
3400302
2301300
3120303
2301303
3120300
3420300
4302300
3300012
33201
24003
24000
33204
2103
433200
200301
2100
33210
33213
3300000
3300003
2030340
200313
3300030
3300024
200304
3300021
220032
24030
200310
2133
3300042
200202
2130
3010332
3400230
231300
3010323
3300033
231303
3010320
3430002
33240
33222
200223
200220
33231
120330
3222300
120333
3400200
200232
3400203
2310003
231330
2030430
3120330
2310000
2030400
2030403
1332300
340020
2332002
340023
3020430
2002233
2232300
231003
2433
1303032
231000
2002230
3300120
3300123
3300102
1233030
2332020
340002
2033310
2033301
1303023
1303020
32313
2030223
2030220
1000302
2002203
403320
231030
332400
2002200
32304
4002300
231033
1303002
4002303
103200
32310
103203
3300132
103230
32301
2030232
310203
3010302
243000
403302
243003
310200
2030313
1000200
403230
332310
1000203
2002302
2030304
32340
3323001
103233
2030310
323130
243030
2030331
310230
32331
3010200
403203
403200
2030322
3010203
310233
32322
332301
3300210
3300213
1000233
1000230
323103
323100
3300222
340032
3010230
2030301
3024300
2033400
3300201
3010233
3300204
32403
103302
2304
32400
2301033
2310
4033002
3020301
2313
3300240
2301030
310020
310023
2322
2030133
4033020
3430200
3020310
3020304
2030130
323310
2331
310032
3300231
3032040
4302030
3020313
323301
2334
103323
103320
2301000
3032022
2100003
103332
2100000
2301003
2340
3020322
2002323
2002320
2343
3032031
2002332
3020331
2033202
2030103
3032004
2030100
3020340
3032001
3032013
3032010
2100030
32430
3323010
3300312
2033220
2200002
2343000
1000320
2100033
1000323
204330
1000332
340200
340203
2200020
3300300
3300303
2200023
2030202
3222030
204303
204300
2200032
2400
301323
3323100
4302000
4302003
2403
301320
323220
33003
33000
3020403
3300330
1233003
33012
1233000
3020400
3300321
301332
33021
2430
323202
3010032
332130
32043
3020220
32040
3020223
32034
3020202
1023003
3010020
1023000
3010023
3222003
3222000
120033
32013
3010002
2030010
1323030
332103
332100
2030013
120030
32010
32004
2030001
32001
3002301
2030004
2033040
32031
20040
1023033
20043
430002
2033031
120000
32022
1023030
120003
20034
24330
20031
2130303
2030040
3002322
2030043
2022330
2130300
430020
430023
32103
20022
32100
3002331
2030034
20010
2033130
3002310
2030031
3002304
243300
20013
3200403
2030022
3200400
20001
3002313
430032
20004
2022303
1303200
1303203
2022300
2403300
3200430
332040
3002340
2033103
2033100
3132300
3020232
2332200
1303230
3304200
2340030
323022
10323
3200322
10320
323013
20223
20220
3002130
10332
3002133
3200331
323010
3200340
2200230
2200233
323031
20202
2340000
2340003
32133
32130
2130330
323040
3020034
2010330
2200203
3020043
3020040
2200200
2010333
2033010
2033013
332202
3002202
32232
2033022
332220
20130
3020133
20133
3020130
2010300
2033001
204033
2010303
2200302
2033004
3031203
3031200
3002232
32202
3200301
10302
4033200
3002223
3200304
3020103
3002220
3020100
323001
20100
20103
323004
4002330
3200310
3200313
3031230
32220
32223
302022
1323300
3200220
20334
3200223
120300
120303
33321
20331
302031
1203000
1203003
33312
20322
4020030
4020000
3330210
3002001
4020003
3000
302034
3002004
3003
3200202
3002010
20340
20343
3040032
302043
1032033
3231300
33330
2313000
2313003
302040
3002013
1032030
3304002
20301
2200332
204000
204003
3002022
2200320
3330201
2200323
3040020
2403003
3002031
2403000
3040023
4233000
200133
3002034
3304020
20313
200130
3200232
3002040
20310
33300
33303
204030
3002043
3040002
1032003
20304
1032000
3020013
3020010
3031320
2403030
2130030
3330300
3042
3020004
3020001
1333200
33402
3020031
200103
200100
2130033
3020022
3031302
3200130
3200133
1023300
1023303
1203030
20232
2022030
4023300
3021
230430
1203033
3012
302001
3002100
230403
3002103
3033
230400
302004
2313030
4020033
2130003
1023330
3024
302010
2130000
302013
3030
2022033
332031
3132003
1333002
3132000
3400023
3400020
332022
3330102
2103303
332010
2022003
1333020
2022000
2103300
200043
332013
200040
3132030
332001
3400002
200034
332004
200031
33420
20430
200022
200013
3200103
3200100
20433
2103330
200010
24303
200004
24300
3400032
200001
1303320
3200022
3200031
20400
3040230
3200001
20403
3200004
3200010
3200013
1303302
2340300
3200034
3330120
3200043
3200040
3040200
3040203
123330
3040320
2300340
2001003
100200
2001000
100203
133302
3230001
3203301
234030
3102000
3230004
2300331
3102003
2313300
3203310
3023001
3230010
3230013
3013302
2300322
3023004
3023010
302232
3023013
3312
2300313
2300310
1230033
3324
234003
1203303
2300304
1203300
3023022
3321
234000
302220
3303
4003002
2300301
302223
3300
3322200
230202
1230030
3023031
1030203
322320
1030200
302331
4003020
4003023
3310200
230220
3222
230223
3023040
2322030
3310203
2300400
302322
2300403
1230003
12030
3231
1230000
3201
230232
12000
2430300
12003
302313
4003032
3204
402000
1030230
402003
1030233
302304
3210
3213
302310
2040303
2040300
3230022
123303
123300
302301
3013320
3332010
3203220
402030
3230031
3040302
3102030
3332001
3203202
3234
3102033
402033
133320
3243
432300
2322003
3023100
2322000
3023103
3240
3230040
302133
302130
100332
100320
2300220
2300223
100323
1030302
1300320
1300323
230301
1300332
3230130
2300202
302100
230310
34302
302103
100302
3310230
230304
230313
1030332
230322
1300302
1030323
230331
3230103
3230100
1030320
43002
34203
34200
3203130
230340
3310320
23022
3102
1203330
302202
3013230
23010
3301002
23013
3234000
23034
3230202
3301023
3301020
133230
23031
2001033
133203
3203103
3203100
3132
133200
100233
3123
100230
3310302
3120
2001030
3301032
34230
23001
3013200
1300230
23004
3013203
2300232
1300233
2031330
2032320
4003230
1300203
1300200
3301200
3301203
203430
31323
31320
31302
1230330
234300
4003203
4003200
203403
2031303
2300040
2031300
2300043
203400
2430000
2430003
2300034
31332
3223200
3301230
1230303
1230300
2040033
123030
2322300
2300130
2300133
123033
2430030
2331000
3023301
31233
2331003
3023310
2040003
2040000
230010
4003320
230013
402300
230001
402303
2032302
230004
2300100
2300103
4003302
2040030
402330
203301
3023130
322230
3033021
3402
3000420
2032200
230034
2032203
2400033
3000423
2010000
203310
2010003
230043
203304
3033012
230040
3423
3033000
230022
3000432
3420
3033003
3243000
203313
3301320
230031
34002
203322
123000
302340
123003
3432
1300032
2400000
3203400
2400003
34023
2032230
34020
2010033
12033
322203
322200
2331030
3000402
2010030
100032
2400030
34032
1300002
2300001
3342
230103
2300004
230100
3330
2300010
100023
2001333
100020
2001330
322302
3333
2300013
3322020
2300022
1300023
1300020
2300031
4023003
100002
4023000
302403
3301302
203331
3000324
302400
230130
230133
3322002
3000321
2001303
2001300
3023220
3000333
3000330
203340
3000342
4023030
3033030
302430
3023202
333102
23301
3001302
23304
23310
23313
23322
3032103
23331
3032100
1320300
3340200
1320303
3300420
3001332
42303
23340
42300
2023320
2023302
3001323
3001320
3032130
31023
203220
3001233
2031000
2031003
31020
203223
42330
3223020
2032032
423300
3001230
3300402
31032
203202
2032023
2032020
2031030
333120
2031033
4323000
23400
23403
2032002
3223002
31002
203232
2023230
3023400
3032202
203031
31203
31200
2230302
203034
23430
3032220
2100330
203010
31230
2100333
203013
2023200
2023203
203022
3001203
3001200
2230320
3133200
203043
203040
2100303
342003
2100300
342000
333201
2331300
333210
2220330
2304003
310320
2304000
310323
310332
203100
203103
1320330
1200030
1200003
1200000
333300
322002
2304030
322023
322020
2220303
3032301
2220300
310302
203133
203130
1200033
322032
3032310
3013023
220233
3013020
1320030
3001032
220230
42003
303003
23040
23043
42000
303000
3013002
3230220
1320000
1320003
4032
303021
303012
23103
23100
42030
42033
303033
3013032
303024
1320033
303030
3032400
4002
3102300
23133
3102303
303042
3230301
23130
4020
4023
3123300
3001002
220200
3204003
3204000
220203
3102330
3340020
203004
303102
3001020
2013300
3230310
34320
203001
3001023
2013303
3204030
3340002
3331200
2040330
433002
2300430
433020
423000
423003
2013330
23223
23220
3310002
23202
423030
3120030
2023023
3310020
2023020
3310023
220302
3310032
2023032
333030
3230400
23232
3120003
3120000
333012
1332003
220320
1332000
3133002
220323
220332
333021
3133020
2023002
2220033
333000
1332030
333003
2304300
3120033
