22000
1
22003
4000111
101302
4
101311
10
4000102
13
22012
210202
13120
1140100
130102
4000120
2000032
22
1002202
130111
2000041
31
2000020
34
1002211
2000023
210220
1200310
43
40
210211
1002220
1200301
2102020
2000002
2000014
2000011
2000113
1002112
2000122
2013100
1002121
1002130
2000101
2000104
2000110
13111
103
2102101
100
4000012
4000003
130120
2102110
4000000
1220020
1033000
132100
210301
1220011
4000030
112
13102
101320
1220002
124
3012100
121
4000021
2102200
1101001
210310
1101004
142
1114000
130
133
130210
1101022
2230000
1200130
1101010
1101013
2013001
101140
13300
4000201
1101031
304000
101131
4000210
1140010
130201
1101040
101122
1002100
1231000
1140001
1002103
2013010
4030000
1200211
202
13210
141001
1014100
13201
1200220
220
1002013
141010
223
130300
1002010
101230
1200202
214
1002004
101221
241000
1002001
211
1002031
221200
210400
101212
3103000
232
101203
1002022
101200
1002040
4102000
241
2202001
1010101
412000
1010104
2000302
2202010
101032
1010110
2004100
2000311
101041
1101130
304
113110
3030100
1301020
310
4102
313
1301011
4111
101002
141100
101014
1301002
101011
113101
4120
101020
101023
301
210013
202300
340
30400
210010
1301110
210004
210001
4201
101101
1301101
101104
322
4210
101110
101113
331
3220000
2000320
1010131
2202100
210040
1010140
210031
1014001
1010113
1002400
210022
1101103
1101100
1014010
1010122
214000
13003
13000
113020
412
30220
30211
403
400
113011
2410000
1240000
113002
13021
1200400
1002310
13012
2000140
1410001
210103
1101310
210100
2000131
13030
1410010
321100
1101301
2004010
430
421
2004001
1110013
1010041
210130
1110010
1110004
1110001
1010032
2000230
1101202
30301
210112
2102011
1010020
1010023
210121
2102002
4300
2000203
1010014
1002301
2000200
1010011
1301200
30310
1010002
2000221
1101220
2000212
1010311
30130
2020201
2020210
2210002
1010320
30112
2210011
30121
30100
30103
2210020
2110300
321010
3000103
3000100
202111
3000121
1132000
321001
202102
1021102
3000112
1101400
4300000
30202
3000130
1021120
202012
202000
202003
3004000
2020102
1010401
202030
2020111
1010410
202021
2110210
2020120
2000410
30013
30010
2000401
30004
3000202
30001
3031000
420010
3000211
122110
1010200
1010203
420001
401200
3000220
202201
122101
1010221
213010
202210
2020300
1010212
1010230
213001
22300
1021021
202120
122020
1021012
1021003
1021000
4110100
213100
30040
1400020
3000301
3000310
1400002
1010302
30031
122011
1400011
113200
122002
30022
1021030
1400110
22210
313000
1030120
1400101
12400
3111100
2110021
420100
1113100
2110030
122200
1201030
2101300
1030102
1030111
4200001
1201120
2210200
4200010
2110003
2110000
2110012
222100
1201102
1041010
401110
4110001
1030021
1030030
4110010
12301
4000300
12310
22201
1041001
401101
1220200
3022000
1030012
2220010
22111
2110201
1021210
2220001
22102
1030000
1021201
1030003
131002
300022
330100
22120
1400200
300031
4200100
1321000
300004
100411
300001
100402
300013
300010
3000022
401020
2020030
2110120
1021
22030
330001
3000031
100420
2020021
3111010
330010
1201000
22021
1012
1201003
401011
3211000
1000
131020
1201012
1003
2020012
3000004
1041100
3000001
1123000
401002
1201021
3000013
3000010
2020003
133000
131011
2020000
1220101
2210110
3012001
3130000
2210101
1220110
2401000
3012010
222001
3111001
2012200
2311000
222010
3000040
1021300
2110102
14110
1102
131110
14101
240100
1210021
3011110
1114
1111
1210030
110011
1210003
1210000
1132
110014
4101100
110002
3011101
300040
1123
1210012
1120
1310002
2320000
1141
1310011
131101
1201300
1033
1003210
300130
1210102
40120
110041
1310020
4101001
2103100
1024
1003201
110032
1030
40111
110020
102310
110023
1042
40102
4101010
102301
14200
2012110
300100
300103
2012101
4001101
4001110
300112
240001
240010
300121
1003012
1222
300202
1231
1003021
1003030
300220
1310110
1310101
4001200
300211
1240
140011
40021
140002
40030
131200
102211
40000
40003
3011200
40012
140020
102220
2012002
2003200
2012011
102202
2012020
1003102
1100002
3202000
1113010
1201210
1003111
1100011
1201201
1100014
1003120
1310200
1201
1100020
1100023
1204
1113001
1210
1213
102121
10042
102112
114100
10033
10030
1100041
10024
140101
102130
10021
140110
1100032
1210300
1302100
300310
10012
1120120
1402
10000
10003
201220
300301
1120102
102100
102103
2003101
300400
1120030
3100120
1100122
1011130
10111
1120021
1100113
1303
10102
1300
1120012
1100104
3100111
1100110
1100101
1120000
3100102
1120003
102031
1011103
201301
1011100
102022
1330
320200
201310
1321
102040
1100140
2003110
1100131
1312
1411000
1120210
201400
2103010
40300
2003011
102001
1011040
102004
102010
1120201
2003020
102013
1131010
1210120
1011031
10132
1100212
320011
1104001
10141
1100221
2203000
320002
1104010
1003300
1011013
1024000
1011010
10114
14002
1011022
320020
1100203
10120
14011
2103001
1100200
10123
4001020
1104100
10231
320110
14020
1011001
232000
4001011
1210210
320101
1011004
1411
10210
4001002
1100230
10213
10222
1420
2122000
114001
3100021
10201
40201
2003002
10204
114010
3100030
3100000
40210
3100003
1210201
140200
1131100
3100012
1011400
1020121
21400
1100320
1020112
3003001
3210100
1020103
1020100
1330000
3100300
1100302
201001
201004
1410100
201010
201013
2211001
1020130
201022
1100311
201031
3021100
400300
2211010
201040
1020040
1100410
1100401
1131001
2302000
3210010
3210001
2021200
331000
201100
201103
3100201
121003
121000
201112
3100210
121012
121021
201130
3003100
21301
1020022
1011301
201121
400201
1011310
21310
1020031
1020001
1302010
1020004
400210
1302001
1020010
1020013
1011202
1011220
312100
121030
110401
3030001
201211
3030010
3003010
421000
110410
201202
21130
400120
2111020
21121
1042000
400111
400102
121120
312001
110221
110212
312010
121102
2111002
2011300
110230
1020400
3201100
1020301
121210
1003003
1003000
121201
110311
1202101
21211
110320
1020310
1202110
21202
400030
21220
400021
110302
400012
400003
400000
2032
110113
130000
130003
1202020
130012
21001
2041
2211100
21004
110122
223000
21010
2020
21013
2023
110131
110140
4100200
21022
2002
3112000
21031
3021010
2021011
2021020
2011
2014
130021
21040
110101
1202011
132010
3011002
110110
130030
3021001
1202002
110104
2021002
132001
301021
2021110
3011020
2111200
3011011
301012
2011201
301003
301000
110200
101401
2011210
110203
2021101
101410
4021000
121300
21103
21100
1020202
1112200
1020211
4100101
1020220
301030
4100110
21112
2200
3201001
11002
2203
1000024
1000030
301300
1000021
200401
4002001
1000012
1000003
200410
1000000
3201010
1202200
4002010
1211002
3101002
1012012
1012000
1012003
2230
1000042
1012030
3101020
2221
1000033
3101011
1012021
1311100
2212
2310100
103000
103003
220021
2002030
200320
220030
1112002
2002021
33100
220003
220000
1112020
220012
1311001
2302
301201
310000
1121020
1311010
310003
310012
103030
1031200
301210
1121002
403000
2002012
103021
2002000
2002003
103012
1103200
1012102
120400
2002102
1000132
2002111
1012120
1000141
24001
2101
3300010
200302
103102
24010
2104
3300001
2110
301120
200311
103120
200203
2131
200200
301111
2140
3101101
301102
200221
3101110
2113
103111
200212
2122
1103110
220120
2310010
1000114
1211020
2002120
200230
1000120
1012201
2310001
1000123
220111
1000102
1012210
1000111
220102
410110
212101
1103101
231001
410101
2100100
2100103
212110
3300100
2100121
340000
2100112
2002210
2011003
11212
1000303
2002201
1000300
103210
2011000
1303000
2100130
11200
11203
103201
1000312
231010
1211200
1004110
11230
3010300
310201
11221
1004101
1121200
1000204
2041000
2002300
1000201
310210
4011001
2301100
1402000
1103020
1000222
1000213
3010201
1103011
1000210
410020
3010210
410011
1103002
2100202
11140
1000231
410002
212200
2100220
2100211
2104000
1000240
11104
4100020
103300
11110
3010120
2311
310030
2011102
11113
310021
11122
1000402
2320
4100002
11131
111103
111100
1000411
4100011
212011
2301001
2100001
111040
2100004
2011120
1000420
2100010
212002
2100013
2030101
2100022
2030110
2301010
11101
2100031
212020
111010
2200000
2200003
1000321
111013
2011030
11041
2100040
111022
2200012
1000330
310111
111031
2200021
2011012
2030200
310102
1004200
2011021
2200030
231100
11014
2401
11011
310120
11020
11023
4002100
33001
2410
124000
3010111
33010
111001
111004
3010102
11032
2200120
2010220
2010211
3020200
120040
3010021
1023001
2200111
2200102
3010030
2030011
3010003
3010000
32011
120031
2030002
111220
3010012
120022
32002
1023010
2010202
120010
120013
20041
32020
120001
102400
111202
430000
20032
120004
111130
32110
20023
32101
20020
20011
20014
1420000
20002
2030020
4010200
2121001
2010121
10420
2010112
10411
1023100
2121010
10402
2010130
20212
10321
20221
10330
4010011
111301
204100
4010002
410200
20203
111310
1120300
10312
20200
2200210
1111300
1004002
2010310
4010020
1004011
4210000
1004020
2200201
3002200
2121100
20131
10240
2010301
2200300
20140
20113
32200
20122
10300
10303
3020101
4010110
20101
4010101
3020110
20104
20110
302020
120301
1203001
20320
3004
3002002
4020001
3001
3200200
3002011
4020010
120310
20302
204001
3002020
204010
1032010
200131
200140
20311
3040000
2022100
1032001
200113
3020011
3101200
3040
200122
3020002
1222000
200101
3020020
200104
200110
2010400
41002
3022
120202
111400
3010
20230
3013
3002101
2130010
3121000
120220
302002
1203010
1012300
41020
41011
3002110
2130001
302011
120211
3031
24100
2130100
2022001
2112100
200041
2022010
3400000
200032
120130
1203100
200020
200023
3200101
200014
41200
200011
3200110
200002
4020100
120100
120103
3200020
41101
20401
3200002
41110
1032100
120112
20410
3200011
120121
2112001
2112010
2014000
1122001
311002
104020
100201
1122010
2221000
2001001
1312000
100204
2001004
2001010
104002
100210
3102001
100213
2001013
104011
2001022
1111003
3102010
1111000
100222
221020
1001014
1040002
1001011
1102210
1013101
1001020
1001023
1040011
221011
311020
3301
4003000
1111030
1013110
1040020
230200
221002
3310
1001002
311011
1030201
100132
1001041
1030210
3220
1230010
1040101
1212010
12022
100141
1013002
1212001
1230001
1141000
1040110
12031
12001
1013011
3202
402001
12004
1001032
3211
12010
12013
1013020
402010
100102
100111
2113000
142000
100114
1102300
100123
100120
2001130
100330
1102120
1001113
1001110
100321
2001121
1001104
1030300
1001101
2040100
2300200
1401100
1013200
302101
2001100
100303
2001103
100300
1001140
302110
211300
2001112
100312
1001131
1300300
3102100
1102102
402100
1001122
43000
221110
23020
3100
3103
302200
23011
3301000
1102201
211201
211210
221101
3130
1212100
1001212
1001200
100231
2001031
3121
1001203
104110
23002
3112
104101
2001040
100240
1001221
1102000
1102003
1300201
1102012
1001230
12202
123100
2212000
31300
12211
2101201
12220
4012000
1300210
2101210
1401001
411010
2001220
1401010
2120200
2101120
2001202
104200
2001211
123010
211102
1001302
1001311
2040001
230011
2300110
1300111
2040010
411100
1001320
230002
311200
2300101
1300102
1300120
1102021
211120
1102030
211012
2001400
2010010
311110
2010013
3400
211021
2010001
2010004
230020
211030
34000
2101102
123001
2010040
2400001
12040
112012
112000
112003
2400010
100042
3000400
2010031
112030
1001401
100033
112021
2010022
1300003
2300002
2101000
100030
1300000
2101003
230101
411001
2400100
100024
12130
112102
2300011
100021
1001410
230110
1300012
100012
2101021
112120
1300021
2300020
1300030
100003
2101012
100000
2001310
2201002
2010103
2010100
2001301
2101030
12100
12103
12121
1040200
1230100
2201020
211003
12112
1122100
211000
2201011
311101
11410
2201200
1022020
3001300
11401
31102
2031100
112210
31012
2100400
2120002
2031001
1130200
31021
2120011
31030
2120020
1213000
112201
203200
3110200
2201110
1110400
2031010
4120000
2140000
1022002
2032000
31000
31003
2201101
1022011
31210
1130011
31201
1130002
203011
4011100
203020
11320
2120110
1200112
3001201
1200121
3001210
2100310
2120101
1200100
1022200
112300
1200103
11311
2100301
1130020
11302
4011010
1200022
3001111
203101
1110310
1200031
1022110
1200001
322000
1200004
1200010
1022101
3001102
1200013
1130110
310300
31111
1130101
203110
3001120
1110301
1200040
31120
3110002
3001030
3110011
303001
42001
1320010
3013000
1320001
42010
303010
23101
1110220
4000
4003
4012
1110202
4021
23110
1031011
1204000
1031020
4030
2131000
3001000
3001003
220201
1031002
303100
42100
3001021
203002
3001012
220210
1031101
1110130
1221100
4111000
3110110
1110100
1110103
3110101
3310000
2220100
23200
3120100
220300
3120010
3120001
1110040
1221001
2023000
1320100
4201000
1221010
1110031
1031110
3110020
1110022
