3201001
2200
1
22000
11002
22003
101302
1000024
2203
4
1000030
301300
10
4000102
22012
13
1000021
13120
210202
200401
130102
4000120
4002001
1000012
22
2000032
1002202
200410
1000003
3201010
1000000
1202200
31
2000041
4002010
34
2000020
3101002
2000023
210220
1200310
43
1012000
40
1012003
2230
1002220
1000042
1200301
2102020
2221
3101020
1012030
2000002
1000033
2000014
2000011
2212
2310100
103000
220021
103003
2000113
2002030
200320
2000122
220030
2013100
2002021
33100
1002130
220003
220000
2000101
220012
2000104
2000110
2302
103
100
301201
310000
310003
4000012
4000003
310012
130120
4000000
1220020
103030
132100
1033000
301210
1031200
210301
403000
4000030
2002012
112
103021
13102
2002000
101320
2002003
124
1220002
3012100
121
103012
4000021
1103200
2102200
210310
120400
142
130
133
130210
2002102
1200130
2230000
1000132
24001
2013001
2101
200302
3300010
24010
103102
2104
3300001
2110
4000201
13300
304000
4000210
130201
301120
1231000
1002100
2013010
1002103
200311
103120
4030000
200203
2131
13210
200200
202
2140
13201
1200220
220
301102
1002013
200221
223
130300
2113
1002010
101230
214
200212
1200202
1002004
241000
2122
1002001
211
1002031
220120
221200
210400
2310010
3103000
232
101203
2002120
101200
1002022
200230
1000120
2310001
1000123
1000102
1002040
4102000
220102
241
2202001
412000
231001
2000302
2100100
101032
2202010
2100103
3300100
2004100
2000311
340000
2002210
304
3030100
1301020
2011003
1000303
103210
1000300
2002201
4102
2011000
310
1303000
313
11200
2100130
11203
103201
101002
231010
1301002
1000312
11230
4120
101020
101023
310201
3010300
301
210013
1000204
202300
340
2041000
2002300
1000201
310210
30400
210010
210004
2301100
210001
4201
1402000
1103020
1000222
4210
322
1000213
3010201
331
410020
1000210
3220000
3010210
2000320
1103002
2100202
2202100
210040
1000231
410002
212200
210031
2100220
1002400
210022
2104000
214000
1000240
13003
4100020
13000
113020
103300
3010120
2311
412
310030
30220
30211
403
400
310021
1000402
2410000
2320
113002
1240000
4100002
13021
1200400
1002310
13012
2301001
2000140
2100001
210103
210100
2100004
1000420
212002
2100010
2000131
321100
13030
2100013
2030101
2100022
2004010
430
2030110
2301010
421
2100031
2004001
212020
2200000
2200003
1000321
210130
2011030
2100040
2200012
1010032
2000230
1000330
30301
2200021
2030200
1010020
310102
1010023
1004200
2200030
2102002
4300
231100
2000203
2000200
1002301
2401
1301200
310120
11020
11023
30310
4002100
1010002
2410
33001
124000
33010
2000221
11032
3010102
2000212
2200120
2010220
30130
2020201
3020200
2210002
2020210
120040
1010320
3010021
30112
1023001
2200102
30121
3010030
2030011
3010003
30100
3010000
30103
32011
120031
2210020
2030002
2110300
321010
3000103
120022
3000100
3010012
1023010
32002
2010202
3000121
120010
1132000
120013
20041
321001
102400
120001
32020
202102
430000
3000112
20032
120004
4300000
32110
30202
20023
32101
3000130
20020
20011
20014
202012
1420000
2030020
20002
202000
202003
3004000
4010200
2020102
202030
10420
202021
1023100
10402
2010130
2020120
20212
30013
2000410
30010
10321
2000401
30004
20221
3000202
10330
30001
3031000
420010
3000211
1010200
1010203
204100
4010002
401200
420001
410200
3000220
20203
202201
1120300
10312
20200
2200210
213010
1004002
202210
2010310
2020300
4010020
4210000
1004020
1010230
2200201
213001
3002200
22300
202120
122020
20131
1021003
10240
1021000
2200300
2010301
213100
20140
30040
20113
1400020
32200
20122
3000301
10300
10303
3000310
3020101
20101
1400002
1010302
30031
3020110
20104
113200
122002
20110
1021030
30022
302020
120301
22210
313000
1203001
20320
1030120
3002002
3004
4020001
12400
3200200
3001
3002011
4020010
120310
20302
204001
3002020
420100
122200
2110030
1201030
204010
2101300
1030102
1032010
200131
20311
200140
3040000
2022100
1032001
200113
4200001
3020011
3101200
200122
3040
3020002
2210200
4200010
2110003
2110000
1222000
200101
200104
3020020
200110
2010400
222100
41002
120202
3022
1030021
3010
1030030
20230
12301
3013
2130010
3121000
3002101
120220
302002
4000300
12310
1203010
41020
1012300
22201
302011
2130001
3002110
3031
24100
1220200
3022000
2130100
1030012
2220010
2022001
200041
2022010
22102
2220001
1030000
3400000
1030003
200032
120130
131002
300022
330100
1203100
22120
1400200
200020
300031
200023
4200100
1321000
300004
200014
3200101
41200
300001
200011
100402
3200110
300013
300010
4020100
200002
120100
401020
3000022
2020030
120103
1021
3200020
330001
22030
100420
3000031
2020021
1012
22021
1201000
330010
1201003
3211000
20401
131020
1000
3200002
2020012
1003
3000004
1032100
3000001
1123000
401002
20410
3000013
3200011
2020003
3000010
133000
2020000
3012001
3130000
2401000
3012010
222001
2012200
222010
2311000
3000040
1021300
1102
2014000
104020
311002
100201
2221000
2001001
100204
1312000
2001004
240100
2001010
100210
104002
100213
3102001
2001013
2001022
100222
3102010
1210030
221020
1210003
1132
1210000
1040002
110002
1001020
1001023
1123
300040
1120
311020
4003000
3301
1040020
1310002
221002
230200
2320000
3310
1001002
1030201
1201300
100132
300130
1003210
1033
40120
1030210
3220
1310020
1230010
12022
2103100
1024
1013002
1003201
110032
1230001
1030
12031
12001
3202
402001
12004
110020
3211
102310
1001032
1042
12010
110023
12013
40102
1013020
402010
100102
14200
102301
300100
300103
2113000
142000
300112
240001
240010
300121
1102300
100123
100120
2001130
100330
1003012
1222
300202
100321
1231
1003021
1030300
1003030
300220
4001200
2040100
1240
300211
2300200
1013200
40021
302101
100303
2001100
100300
2001103
140002
302110
40030
131200
211300
100312
40000
40003
3011200
40012
3102100
1300300
140020
402100
102220
43000
23020
2012002
3100
3103
2003200
302200
23011
102202
3301000
2012020
1003102
3130
3202000
1100002
1001200
100231
3121
2001031
1001203
23002
1003120
3112
1201
1310200
1100020
1204
1100023
1210
2001040
1213
100240
1102000
10042
1102003
1300201
1001230
12202
10033
123100
2212000
10030
31300
10024
102130
12220
10021
4012000
1300210
1100032
1210300
300310
1302100
10012
1402
10000
10003
201220
2001220
300301
102100
102103
2120200
300400
2003101
3100120
1120030
2001202
1303
10102
104200
1300
123010
1001302
1120000
3100102
1120003
102031
230011
2040001
201301
2300110
2040010
102022
311200
230002
1001320
320200
1330
2300101
201310
1300102
1321
1300120
102040
1312
2003110
1102030
2001400
2010010
201400
2010013
2103010
3400
40300
2010001
2010004
230020
2003011
102001
211030
102004
102010
34000
2003020
102013
10132
123001
2010040
12040
2400001
320011
112000
112003
2203000
320002
2400010
100042
1003300
3000400
1024000
2010031
112030
14002
100033
320020
10120
1100203
2010022
10123
1100200
2103001
2101000
1300003
2300002
100030
2101003
1300000
4001020
10231
14020
230101
320110
100024
2400100
12130
2300011
100021
232000
320101
230110
1300012
10210
100012
4001002
10213
1100230
2300020
1300021
1300030
10222
100003
100000
1420
2001310
2122000
3100021
2201002
10201
2010103
40201
2010100
2001301
10204
12100
2101030
2003002
12103
3100030
40210
3100000
1040200
2201020
1230100
3100003
140200
211003
211000
3100012
21400
2201200
1022020
3001300
1100320
3003001
3210100
31102
1020103
1020100
1330000
1100302
3100300
201001
2031100
201004
201010
201013
1020130
201022
31012
201031
2100400
3021100
400300
2120002
2031001
1130200
31021
2120020
31030
1213000
201040
1020040
203200
3110200
2302000
3210010
3210001
4120000
2031010
2140000
2032000
1022002
2021200
331000
31000
31003
31210
201100
201103
31201
3100201
121003
1130002
121000
3100210
203011
203020
11320
201130
3003100
21301
1020022
3001201
400201
2100310
3001210
21310
1020031
1200100
1020001
112300
1022200
1200103
1302010
1020004
400210
2100301
1302001
1130020
1020010
1020013
11302
1200022
203101
1200031
1200001
322000
1200004
312100
1200010
3001102
1200013
121030
310300
203110
3001120
3030001
3030010
3003010
1200040
421000
201202
31120
21130
3110002
400120
3001030
1042000
42001
303001
1320010
3013000
1320001
42010
400102
312001
303010
312010
23101
2011300
110230
1020400
3201100
1020301
1003003
4000
1003000
4003
4012
4021
23110
1204000
110320
1031020
4030
1020310
2131000
21202
3001000
3001003
220201
400030
21220
1031002
400021
42100
303100
110302
3001021
400012
203002
400003
400000
3001012
220210
2032
130000
130003
21001
130012
1202020
2041
21004
21010
223000
21013
2020
2023
4100200
21022
2002
3112000
21031
3021010
2011
2021020
2014
21040
130021
132010
3310000
3011002
130030
2220100
23200
3120100
3021001
1202002
132001
2021002
301021
3011020
301012
220300
3120010
301003
301000
110200
110203
3120001
4021000
121300
21103
21100
1020202
2023000
1320100
4201000
301030
3110020
1020220
