101301
11001
3201000
2202
3
4000110
22002
11004
4000101
22011
101310
1000023
12
1000020
130101
1000011
210201
200400
4002000
21
1000014
1000002
24
1002201
130110
1211001
2000040
30
1012011
2000022
3101001
33
1002210
42
210210
2000031
1012002
2000004
1000041
1200300
2000001
2220
2211
2000013
1000032
3101010
1012020
2000010
2000112
103002
220020
1112010
2000121
2002020
1112001
1002120
2000103
220002
2000100
1311000
220011
13110
4000011
2102100
102
2301
301200
310002
111
4000002
1121010
310011
210300
1121001
2002011
1220010
114
103020
1220001
103011
13101
2002002
123
4000020
120
1101003
1101000
141
1012101
1012110
132
1000131
2002101
1101021
2002110
1101012
1000140
24000
200301
2103
2013000
2100
103101
3300000
1101030
4000200
1211100
101130
1002111
130200
1140000
101121
200310
1002102
204
1200210
201
200202
2130
3101100
301110
141000
13200
200220
222
301101
1002012
2112
103110
1200201
213
1002003
2121
200211
101220
210
1002000
101211
1002030
1000113
231
101202
1002021
1211010
1012200
1000122
2310000
1000101
220110
220101
1000110
1000104
240
101031
1103100
2202000
1010100
212100
2100111
1010103
2000301
231000
410100
2100102
2100120
1101120
2000310
101040
11211
4101
1000302
2011002
2002200
101004
312
1301010
11202
103200
101001
4110
1301001
101013
101010
113100
310200
101022
11220
300
1000311
303
1004100
210012
1000200
1000203
4011000
210000
101103
210003
101100
4200
1000221
1301100
321
3010200
1000212
101112
330
1103010
410010
1010130
2100201
1103001
1000230
410001
210030
1010112
1014000
1101102
210021
2100210
1010121
13002
411
2310
402
2011101
30210
11112
310020
113010
1000401
11121
4100001
13020
113001
111102
13011
11130
1000410
4100010
2301000
212010
2100003
2100000
1410000
210102
212001
2000130
210111
2100012
1101300
2011110
2030100
2100021
11100
2100030
420
11103
2004000
1110012
2200002
1000320
1010040
11040
111012
1101210
2200011
1101201
1110000
1121100
111021
1110003
2011011
30300
310110
1010031
2200020
111030
2102010
310101
1010022
2102001
2011020
210120
2000202
11013
1010013
1002300
2400
1010010
11010
11022
1010004
1010001
33000
11031
3010110
2000220
2000211
111000
111003
3010101
1010310
2020200
2010210
2210001
3010020
2200110
1023000
2210010
2200101
30120
3010002
2030010
1021110
30102
3000111
120030
32010
3010011
30111
2030001
3000102
32001
120021
202110
111210
2010201
3000120
20040
120012
321000
111201
1021101
120000
120003
202101
20031
30201
20022
111120
32100
20010
202011
20013
202002
20001
20004
2020101
2121000
1010400
2010120
2020110
202020
10410
10401
30012
20211
10320
3000201
2000400
20220
30003
30000
10311
4010010
3000210
1010202
111300
4010001
420000
202200
20202
122100
1010220
1004001
1004010
1010211
2200200
213000
1021020
1021011
1021002
20130
2010300
20112
20121
3000300
10302
3020100
20100
20103
1010301
122010
1400001
30030
4010100
1400010
30021
122001
120300
1203000
1400100
4020000
3002001
3000
3003
3002010
1111200
2110020
20301
204000
1030101
200130
20310
1030110
1032000
200112
4200000
3020010
200121
3020001
2110002
200103
200100
2110011
41001
1201101
1030020
3021
120201
4110000
12300
3012
302001
3002100
1201110
1041000
401100
41010
302010
2130000
22200
3030
120210
22110
2022000
200040
2110200
1030011
22101
2220000
1021200
1030002
300021
200031
131001
200022
300030
100410
200013
3200100
300000
200010
300003
300012
200004
100401
200001
120102
3000021
1020
330000
1023
3000030
120111
1011
2020020
22020
1014
1201002
401010
41100
20400
3200001
1002
3000003
401001
2020011
1201011
3000000
1201020
3200010
3000012
2020002
120120
131010
1220100
3012000
2210100
222000
2112000
3111000
2110110
2110101
1101
1122000
311001
14100
100200
2001003
100203
2001000
104001
1113
100212
3102000
1210020
2001012
104010
1110
1111002
1104
100221
2001021
1210002
1001013
110010
1131
110013
1040001
1001010
1013100
1111020
1210011
110001
1001022
1122
1040010
3011100
221010
110004
3300
221001
1310001
1001004
1140
1310010
1001001
1030200
311010
131100
1032
1210101
1001040
1040100
4101000
12021
110040
100131
100140
1013001
1210110
1003200
1212000
12030
1230000
1013010
3201
12000
12003
110031
40110
402000
1001031
1041
110022
3210
12012
40101
100101
102300
300102
2012100
100110
4001100
300111
100104
240000
100113
300120
100122
1221
1003011
1001112
300201
100320
1003020
1230
2001120
1001103
1001100
1310100
300210
40020
302100
140010
100302
2001102
140001
102210
1102110
40002
1001130
1102101
1001121
100311
40011
2001111
2012001
3102
23010
2012010
102201
211200
1102200
1003101
221100
1100001
1001211
1100004
1003110
100230
1100010
1001202
2001030
3120
1100013
1201200
1203
23001
1200
1100022
1113000
104100
3111
1212
1100031
1001220
102120
10041
1102002
1300200
12201
1102011
10032
12210
2101200
1100040
140100
10023
10020
10014
1401000
1401
10011
10002
1120110
102111
300300
1120101
102102
1100121
2003100
10104
1311
2001201
10110
1011120
1100112
1120020
1302
10101
2001210
1001301
211101
3100110
1120011
1100100
3100101
1100103
1120002
1001310
102030
2040000
230010
1011102
1300110
201300
102021
230001
211110
1300101
2300100
1320
1102020
1100130
2010012
211011
2010000
211020
2010003
102003
102000
2003010
1120200
102012
123000
1011030
112011
2101101
1100211
320010
2400000
10131
1104000
10140
1100220
112002
320001
100041
1011012
10113
14001
2010030
1001400
100032
2101110
1011021
1100202
112020
2010021
10122
14010
2103000
112110
1300002
2101002
2300001
10230
230100
411000
1300011
100023
2300010
1011000
112101
1011003
100020
320100
4001010
100014
1410
100011
2101020
1300020
10212
4001001
2101011
100002
10221
2010111
3100020
114000
2201001
12111
10200
2010102
2001300
40200
10203
12102
2003001
12120
3100002
1210200
211002
3100011
2201010
311100
1020120
3003000
1020111
11400
1020102
31101
1100301
201003
201000
2211000
201012
1100310
201021
201030
31011
2120001
2031000
31020
2120010
112200
1100400
1131000
3210000
1022001
2201100
1022010
31002
1130010
201102
3100200
31200
1130001
121002
203010
121011
121020
201111
21300
1020021
1011300
3001200
201120
1200120
400200
2120100
1020030
1020000
1200102
1020003
11310
2100300
1302000
1200111
11301
1020012
1011201
1200021
3001110
203100
1200030
1011210
1200003
1200000
1022100
3001101
1200012
31110
1130100
110400
3030000
1110300
201210
201201
3110001
21120
2111010
3110010
400110
42000
303000
1320000
400101
312000
110220
121110
110211
23100
2111001
121101
1110210
1020300
1003002
4002
121200
1112100
4011
110310
1110201
4020
2111100
1202100
21210
1031010
21201
3001002
220200
400020
1031001
400011
3001020
203001
110301
400002
3001011
110112
1031100
130002
2040
21000
21003
110121
130011
1110120
21012
110130
2022
21021
2031
2001
21030
2004
2021010
2010
3110100
2013
1110102
110103
110100
130020
3011001
1202010
3021000
2021001
1202001
132000
301020
3011010
301011
2011200
301002
101400
110202
3120000
2021100
1221000
21102
1020201
21111
1110030
1020210
4100100
1110021
