44003
2
44000
132200
1033031
132203
4000100
4000103
11
14
210203
1033040
130100
130103
210200
20
1400330
23
1002203
1002200
1301300
44030
1301303
2043200
32
3321002
41
44
3233000
210233
3321020
1002230
1002233
210230
4000040
4000043
3030311
4000034
3030320
2123003
2123000
4000010
101
4000013
110
1033004
4000001
104
1033001
4000004
130130
1033013
210302
1033010
4000031
113
130133
1033022
4000022
1301330
122
3030302
130220
130223
140
4300301
132320
143
2013032
2004230
131
4000232
134
210323
2230004
210320
130232
2230001
2230013
304040
2230010
210332
4300310
3123020
304022
2013002
132302
4000202
304031
2013020
304001
2013023
130202
304004
1033202
4000223
4000220
304010
304013
1033100
1033103
200
2004302
203
304103
221
1313030
304100
3123002
130301
212
1002002
321320
4000130
3030410
321302
1033130
132230
233
4000133
3030401
1002020
230
2004320
1002023
224
2210330
242
1002032
4300400
2400302
3030131
2202002
3030140
2043002
2230130
1330202
1301033
130340
342200
3030113
202340
1301030
3030122
1313000
202331
3030101
1313003
1330220
321230
311
2202032
130322
2230103
3030110
202322
314
2230100
130331
3030104
2202023
1301000
1301003
130310
2202020
202313
130304
202304
202310
130313
302
202301
341
2323100
130430
344
210002
3022400
130403
130400
323
320
332
321200
321203
3030032
2230040
3030041
2400320
210032
1330301
3030023
2230031
3030020
113030
113033
2004203
210023
2004200
210020
2230022
410
312320
1330310
1002332
413
1002320
1002323
401
404
2323010
113003
113000
440
342020
443
4230200
3030230
2004023
434
2004020
2123030
3030221
431
3030212
2230220
2004002
422
3030200
3030203
3301400
2230202
202430
1010033
1010030
202400
202403
2004032
3321200
1002302
1330400
1010003
2323001
321032
1010000
2043020
140330
1331003
1331000
3130220
2020202
2210000
2210003
3022130
1010333
2020220
1010330
2202302
2020223
321023
3000104
321020
3000110
140300
140303
303410
2210030
3000101
3000122
2210033
3022103
321002
303401
3022100
202103
3000113
202100
313220
3130202
3000140
2020133
4300001
3000143
343001
2020130
4300004
4300010
43400
3000134
4300013
3000131
113303
113300
202010
4300022
202013
202001
4300031
202004
3022202
2020103
2020100
313310
202031
202022
1331030
313301
202043
3130130
3302300
202040
2202320
113330
202034
4430000
343010
2020331
3410300
3000200
2020322
3000203
420023
420020
3031001
3000212
3031004
420002
3000221
2020340
202202
313130
3302210
3000224
3000230
3031022
2020301
3022220
202223
3130310
3031010
3000233
2123300
202220
3031013
3000242
2020313
313103
313100
2020304
2020310
3031031
202232
122030
313202
3022310
2342000
202130
1400033
3130301
202133
2202230
4031000
3302201
4031003
122033
334100
2132300
43310
2020232
1400030
3000302
43301
4031030
3000311
3022301
1010303
2202203
1400003
1400000
1010300
2202200
3000314
122000
420032
122003
43220
313004
313001
303113
303110
4300220
4000340
303104
313022
4000331
3302120
303131
3313100
43202
1032302
4000322
313013
313010
303122
4300202
303140
2210300
2210303
3302102
420200
420203
334010
1032230
2012303
2012300
334001
303212
4000313
4000310
303200
303203
4000304
313031
4000301
3302030
303230
313040
1032203
3302021
1032200
303221
2012330
3022010
43103
3302003
3302000
2132030
43100
3022013
3410030
3130103
3130100
3022001
2220023
2220020
3022004
3302012
4031300
3224000
2220002
2132000
2132003
122330
3313010
3122300
131003
131000
43130
420230
2020040
443000
2020043
3410000
4300040
3410003
2020034
3313001
133103
133100
2020031
122300
3000023
133013
3000020
3130040
122303
4000400
303302
131033
1022
4000403
133010
2020022
1400303
1010
1400300
131030
133022
303311
43031
1013
420320
1001
2020013
2020010
3130031
43022
1004
3000002
43010
3000014
133004
2020004
4300130
303320
3000011
133001
3130022
2020001
43013
420302
3130010
3022040
3130013
133040
3130001
3130004
133031
3022031
3000032
1313300
4000430
43040
3000044
1032320
3022022
3000041
4300103
4300100
1100
2003402
3320000
1103
3320003
3320012
1323002
320420
3320021
2003420
1034000
1034003
3320030
1034030
1133
1130
4001030
4203020
320402
2012033
4001033
1310003
1310000
1034
1223300
1003202
2003330
1031
1310030
1302320
1310033
1040
1043
1003223
1003220
1003232
1302302
1220
1223
1003013
1003010
320312
1003022
1003031
320303
320300
3113300
1232
2042300
1003034
1003040
2003300
4040300
2003303
1003043
140003
140000
404030
2003312
404003
404000
140030
2003321
1430300
2003204
2012003
2003201
2012000
131300
2003213
131303
3122030
2003210
2003222
2012030
2003231
1003103
1003100
1100000
1100003
4203200
3312200
1232000
2003240
1232003
1202
3122000
320330
3122003
1232030
320321
1003130
1003133
1100030
2203100
10043
2203103
10040
10034
10031
3100043
1003400
1003403
3100040
10022
1100033
3100034
2203130
10013
320132
1400
1403
201233
10010
2020403
10004
2020400
10001
131330
201230
1003430
3320300
3130400
2034200
1304
2003102
1310
201332
3320210
320231
413030
2203031
10103
1301
10100
320240
2020430
2203022
3021320
140033
2203013
201320
201323
3100103
2203010
3100100
3320201
1302032
2003132
413000
1340
201302
1343
413003
1331
320201
2003123
1334
2003120
320204
320210
1322
1302020
1302023
320213
1313
3100130
3100133
320222
2203040
2003024
2003030
320042
2003033
2432000
320033
3113030
3232001
2003012
3232010
2042030
2003021
3330020
10133
3330011
320012
2042003
1003313
10130
2042000
2203001
3330002
1302230
1003322
320003
320000
2203004
2003042
320030
1003301
320024
1003310
320021
2324000
1003304
1302203
1430030
1302200
1430
404300
10232
1433
311300
320102
311303
1232300
343100
320120
320123
1003331
4001003
4001000
1003340
10223
10220
3320120
3100022
311330
10202
2003003
2003000
3100031
3232100
3100001
2333000
3100004
3113003
3113000
3100010
3320102
3100013
3100331
1100330
1100333
1430003
1430000
3100322
1330040
2034020
1330022
344000
1330031
3100340
312302
1330001
1100303
1330004
3100301
1100300
201002
1330010
1330013
3100313
2034002
3100304
201023
3100310
201020
304400
2203310
4032200
2203301
201032
312230
3100403
3100400
413300
4230020
312203
312200
3240002
3131300
3100202
44300
3303200
4032002
2021300
3240020
2021303
3021302
4230002
4032020
3100223
3100220
2402300
4220000
2203202
4220003
1330130
3420020
2203220
3420002
1302002
4220030
1330103
1330100
3021230
1322300
3100232
3030002
2021330
3021203
3021200
3030011
3030014
201203
201200
4001300
3312020
4001303
312032
304202
3303101
4100330
3312002
304220
312002
4001330
2133200
4100303
4100300
312020
312023
1033220
1003004
3131003
304130
3131000
1003001
1310330
4220300
1033310
1310303
1033301
1310300
3303110
130004
2033
130001
1033400
1223030
130013
2042
130010
2021030
2021
2402000
2024
2402003
2030
2021033
3021032
2003
2000
4040030
1223000
130034
2402030
3131030
1223003
3021020
132023
132020
3021023
130043
2012
130040
130022
130031
2021000
3100430
4040000
132002
4040003
2021003
3021002
3303020
3303011
3240200
132032
1322000
1322003
304301
1322030
3303002
4203002
2133020
2203400
304310
2133002
2310032
11000
2201
403022
11003
2204
1000031
403013
33041
143000
1000022
403010
143003
1000010
33032
2310020
2310023
1000013
403031
1000001
1000004
2234
2232020
143030
2231
403040
1000040
1000043
2222
2232002
2210
1000034
2213
103001
220022
2420000
103004
33113
2420003
220031
33110
33104
220004
33101
220001
2420030
220013
220010
2240
2243
2303
103034
2300
4130300
33140
103031
340301
134300
403001
103022
33131
403004
340310
103010
33122
2301320
103013
2301302
1000130
103040
1000133
103043
340400
33200
33203
3010430
2102
103103
103100
33212
220040
220043
3311300
220034
3010400
3010403
3010331
2132
3010322
103130
103133
120320
212303
33221
2301230
212300
120323
3010313
33230
220133
3010304
2120
403100
120332
3010310
3204200
220130
2123
403103
2030420
2301203
2310002
2301200
1000100
1000103
2030402
212330
403130
220100
220103
3010340
2332001
340022
3020420
2332010
340031
2432
2030240
340004
340001
340013
2033300
340010
2030222
1000301
2030213
2030210
103202
1000313
403310
2030231
403301
103220
103223
1000304
243002
3010301
1000310
2030312
323120
1000202
143300
243020
103232
410033
403220
1000220
1000223
2030330
410030
2030321
403202
3010202
4130003
332300
4130000
4130030
3140300
2100203
1000232
2100200
410000
323102
2232200
410003
3010223
3010220
2030303
2030300
3010232
340040
2301032
103301
4033001
3020300
103310
2312
3020303
2030120
2030123
103304
1000400
2030132
2321
1000403
3001400
3001403
2324
103313
3010133
2330
103322
323300
3020312
2333
4033010
403400
3010130
340130
2100002
2301002
2342
103331
3020321
212003
103340
212000
3020330
1000430
2332100
2030102
1000433
2033201
2100023
2301020
212030
2301023
2100020
2033210
340103
340100
2200001
2100032
340220
2200004
1000322
1000334
2200010
2200013
204320
212033
1000331
1000340
1000343
340202
2200022
2030201
2030204
2200031
204302
2200034
2402
2200043
103400
103403
2200040
33002
33014
2420
3020402
2423
11030
33011
323210
33023
33020
3010103
11033
3001430
323201
3010100
3010034
3020222
2403200
3010040
2130230
41300
3020210
41303
3010043
3020213
410330
3020201
3002240
204230
3020204
3010022
120032
2200100
4033100
3010031
10433
2200103
3140030
3010001
332102
2130200
2130203
3010004
2030012
2030003
3010010
2030000
120020
3002303
41330
3002300
120023
3010013
430010
243200
20042
430013
2033030
430001
120002
332120
3140003
20033
430004
3140000
430031
20024
20030
2130302
3002321
2030042
4322000
430022
2030033
2022320
3002330
20021
2030030
2030024
430040
20012
2033120
20003
2030021
20000
3002312
2022302
10430
3020240
410300
410303
2033102
204203
3020231
10400
10403
2200133
204200
2200130
323021
1433000
20213
20210
10322
2340020
20222
323012
10334
10331
3002132
10310
3002120
3002123
10304
2200232
323030
20204
20201
2340002
10313
2022230
2130320
2240030
2200223
2200220
10340
3020033
10343
3020042
2200202
2240003
2240000
3002204
2200310
2033012
2200304
3002201
332201
2022200
2033021
2200313
2022203
3020132
20132
2200301
2231300
3132200
204032
2033000
2033003
332210
20120
3002231
20123
3020123
10301
3020120
3020102
3002222
323003
323000
1043300
20102
3002213
3002210
20333
3404000
20330
33320
120302
41033
41030
20324
20321
3002003
3002000
3002
2420300
20342
3002012
3304001
20303
20300
2200331
3002021
204002
3002024
2200322
3304010
2403002
3002030
204020
3002033
33311
204023
20312
3002042
33302
2200340
2200430
3020012
120233
3041
2340200
120230
3020003
2130020
3044
3020000
2130023
3020030
33401
3020024
2130032
3020021
2403020
41000
20234
41003
3023
120203
3020
120200
3011
2022020
2022023
3014
20231
3032
3002102
20243
2130002
20240
2022032
2200400
2200403
332030
3132002
2240300
332021
2022002
3132020
332012
332003
332000
20423
3044000
20420
4103300
33410
20432
1043003
1043000
3304100
20402
3311000
3311003
1043030
1034300
3311030
34130
133310
4103000
3310130
4103003
133301
104030
2040230
3203300
104000
104003
2300330
221033
234020
221030
2300321
3314
4103030
2300312
1230032
322310
3323
234002
3310103
3320
3310100
1300430
2300303
3302
2300300
104033
221000
221003
3311
1001000
2040200
1230020
1001003
2040203
1230023
12020
3221
3310202
12023
3224
2231030
1300400
2300402
1300403
322400
1230002
3230
3200
3203
12002
1001030
402002
1001033
341300
2040302
3212
402023
402020
2231000
34100
34103
2231003
3233
3203201
402032
3203210
3242
2300213
1300340
2300210
2300222
1300322
3140
2300204
3143
2300201
1300331
1300310
34301
1300304
1300313
4023200
133130
1300301
3310220
34202
43001
3101
43004
3203120
2032400
133220
3310310
3131
2300240
3203102
3134
133202
3122
234200
3310301
3113
34220
2300231
3104
1300232
3110
1300202
402203
322100
322103
402200
12203
12200
1300223
1300220
1230320
242003
242000
242030
2031302
203402
2300042
402230
2430002
2300033
104300
104303
203420
1230302
2031320
2040032
1300130
2300132
1300133
2331002
1001300
1001303
2430020
341030
2040002
313400
12230
12233
322130
402302
1300100
3310400
2032301
2300102
1300103
2300120
1001330
2300123
2040023
2032310
341003
1001333
341000
2040020
1230230
2201033
203300
3404
203303
3000422
3401
2032202
2031200
2031203
402320
3000431
2201030
2032220
3422
34013
203312
34010
2031230
34004
1230200
3000440
322220
3413
1230203
203321
3410
34001
34031
1300034
34022
3431
2331020
322202
12032
1300040
1300043
3000401
34040
3000404
3000410
133400
3440
3000413
2300003
1300001
2300000
104330
3341
1300004
1300010
2032130
322301
3332
2300012
1300013
1300022
2300021
2300024
1300031
2300030
4023002
203330
2201003
3000323
3000320
2201000
4023020
3000332
2430200
3000341
4034000
333101
3001310
3001304
242300
3001301
2032100
2032103
333110
2230400
3001340
1320302
42302
3001331
2023301
3001322
2023310
3001313
3242000
203231
1320203
42320
1320200
3001232
203222
2031002
203213
220430
203210
2023400
203204
2032040
2331200
203201
3001220
3001223
2032022
2032031
2031032
1320230
2032004
103430
2032001
203240
2032013
2032010
2031023
2031020
203024
203030
2023220
203033
2230301
1130000
2201330
1130003
2100332
203012
2100320
2100323
203021
2023202
3001202
2201303
2201300
1130033
2230310
203042
1130030
2100302
342002
333200
11300
11303
1200023
1320320
1200020
203102
1200002
322004
322001
314300
322013
11333
11330
3001100
322010
3001103
322022
203123
203120
322031
203132
1200032
2100233
2100230
3001130
322040
3001133
34400
3123200
220232
134030
3001034
3001031
1320020
1320023
3133100
42002
2013203
2013200
2023103
2023100
1320002
3001043
3001040
4034
2023040
42020
42023
4043
4040
2013230
42032
4022300
1320032
4004
4001
4013
4010
4022
4031
3001001
34310
3204002
3001004
220202
220220
220223
3204020
203000
2013302
3001022
203003
3001010
2023130
3001013
2300420
2013320
2040320
1130300
220400
1130303
220403
3310004
3310001
3310013
3310010
2023022
3310022
2023010
220301
2023013
3310031
1130330
220310
42203
220304
42200
3310040
314030
2023031
220313
333011
314000
3133001
220322
314003
333020
220331
134003
220340
2023001
134000
2023004
42230
333002
3133010
4400
22001
101300
101303
4403
3220310
3103220
22004
4030202
2310302
22010
3003410
22013
3103202
3012203
3003401
2000033
3012200
3220301
13130
13133
2000042
1220033
2000021
2102033
2000030
2310320
2000024
2330102
1200302
2000000
2000003
2000012
2102030
330410
2330012
2000123
2000120
4030130
330401
2330003
2024030
2330000
2024003
2024000
2000102
1200332
1343000
1200320
1200323
101330
1220030
101333
4030103
3103130
4030100
221330
2330030
13103
4430
1220000
2330021
1220003
13100
233300
3103100
221303
221300
3103103
3041300
3012320
330311
13304
13310
2310203
2310200
3203030
440000
13301
4030040
440003
4030022
440030
330320
3203021
4030031
3012302
3103040
3203012
4030001
2310230
3203000
4030004
3203003
4030010
3103031
4030013
431300
13202
3103022
1200200
3103013
1200203
330302
3103010
3103004
3103001
3220400
4004030
13232
4004003
4004000
1200230
3012230
13223
13220
1200233
101030
4130
4133
30341
2000300
2000303
3220040
101033
3034100
2000312
4100
4103
101000
4030400
101003
233210
233201
3210302
233102
30404
4304000
30401
30413
30410
4202
30422
3210320
30431
4223
4220
3220001
2000321
3220004
2000324
2000330
3220010
30440
233120
3220013
2024300
2000333
3034001
2000342
3220022
3034010
3220031
4030310
13001
233030
30221
13004
4004300
400403
400400
30212
440300
30233
13022
13010
30224
30230
13013
4232
13034
3220202
2000132
30242
13031
3220220
400430
4030301
13040
13043
2000234
4331
4013030
4322
3220103
2000231
3220100
30302
2234000
3440000
2000240
2000243
4340
2102000
2102003
4301
2000201
2000204
30314
4013000
30311
4013003
3220130
4030220
233000
233003
30332
233012
4313
2000222
2000210
233021
4310
30320
4304
2000213
30323
30134
30131
2303003
2303000
30143
30140
401330
30113
4200203
4200200
30122
30101
4320020
2303030
30110
30104
2303021
3202400
401300
401303
4320002
4200230
2303012
3004031
30203
3004022
30200
4022003
22430
4022000
3042020
3004013
22403
22400
3202310
213230
3004010
3004004
3004001
3134000
3042002
2303102
213203
213200
4200302
30014
30011
2303120
2000402
30002
4200320
22340
213032
213023
3033200
213020
2000432
3004040
2000423
213002
2000420
22301
3033110
3033101
3004130
30041
22331
30044
30032
22322
4320200
22313
2303201
3004103
3004100
22304
2303210
30020
30023
22310
330203
1220330
3004202
330200
22220
22223
1030133
3004220
1030130
3202130
4330100
22232
1220300
1220303
330230
1030103
1030100
401030
330221
222200
222203
3042200
401033
330212
12320
12323
330140
4200002
2223200
330131
2303300
12332
4200020
4200023
330122
2330300
3402002
330113
1030022
4200032
3103400
3402020
1030031
12302
4330010
1030034
4043000
3202103
3202100
1030043
22202
1030040
4330001
222023
4400003
4400000
3012032
3103310
222020
2330210
3103301
3341000
213302
1030013
1030010
222032
1030004
22100
22103
1030001
4400030
3402200
300020
300023
330101
330104
4022030
432020
3004301
330110
4223000
3202301
300002
3004310
100403
300014
432002
100400
22133
22130
2330201
300011
100430
330002
22031
330014
330011
22022
22040
3202202
22043
401000
401003
3004400
22034
100433
330032
3012002
3202220
2330120
213320
3212003
330041
3212000
3212030
330020
3012020
330023
222002
3012023
2320040
2233100
2320022
300032
2320031
110003
331400
300044
110000
300041
3221300
2320004
430202
2320001
40133
2320013
2320010
3431000
40130
300131
232400
102332
300134
300143
110033
102320
102323
300140
240032
110030
2320100
2320103
430103
430100
40103
40100
3002420
102302
300101
240023
240020
300104
300110
240002
300113
3002402
300122
430130
232220
300203
331310
300200
331301
300221
40034
4020302
232202
300212
4313000
40043
430301
40040
40022
102230
430310
3104030
222230
102233
40031
1403300
40004
3104003
40001
3104000
40013
4020320
40010
3202040
430220
222320
102200
2223002
2103230
14300
14303
102203
2103203
4400300
2103200
3202022
3011303
4020230
3011300
3202031
300233
324200
4331000
3202001
3202004
222302
300224
3202010
14330
232310
300230
3202013
232301
2223020
300242
300341
3221003
3221000
40430
2320301
2320310
300320
300323
4303001
300332
430400
232100
300311
3011330
232103
300314
4303010
3221030
300302
40403
40400
232130
300401
300404
300410
300413
3212300
40331
102020
40322
102023
1403003
1403000
4303100
102032
40340
2103020
40301
2103023
1403030
102002
40310
40304
2103032
40313
2233001
300440
2320130
300431
14000
14003
300422
2233010
2103002
232010
232013
40232
232001
14030
232004
14033
232031
232022
232040
2320202
40202
2320220
40223
40220
2302040
3201302
3003002
2302022
2302031
400331
400322
3201320
400340
3043010
3043001
400301
3210032
400313
3210023
3210020
400304
400310
1020032
2302004
2302001
2302013
2302010
3210002
331001
331004
3210230
3003131
3003122
400232
3003113
3003110
3003104
3003101
2302202
1020020
21302
1020023
4013300
3210200
3210203
400202
1020002
1334000
400220
400223
3213200
21332
2302103
2302100
3003041
21323
21320
3003032
400130
400133
3403001
2302130
3003023
3003020
3003011
3003014
3403010
3201032
240320
324020
324002
400100
223130
400103
2302301
13322
3003200
2302310
3003203
3003212
13313
3143000
3003221
13340
13331
3003230
1020302
331220
2302220
400040
331202
2102303
2102300
400043
110330
110333
400034
13430
3403100
21200
21203
21230
1020332
400031
3003140
223202
240302
1020323
400022
1020320
400010
223220
110303
13403
2102330
13400
400013
110300
400001
400004
21233
240200
1202030
240203
1020230
1020233
2302400
331031
21002
3213002
331022
223001
223004
3213020
331013
1202033
21020
331010
21023
223022
2312003
2312000
223010
21032
223013
240230
3104300
3201203
3201200
2312030
3011000
3011003
2222300
1202003
331040
1202000
223031
301022
3003311
431030
331103
331100
301013
3201230
3003302
301010
223040
301004
3011033
3003320
301001
3011030
331130
431000
431003
1020203
301040
301043
1020200
223100
223103
301034
301031
3043100
3101033
3201002
301301
2321000
1103330
2321003
301304
301310
3101030
200402
3201020
4002002
3201023
4310000
4310003
4002023
3101003
4002020
3101000
223301
200420
200423
1103300
1103303
223310
3400400
200432
4302200
4002032
3420200
2222000
2222003
3331001
200324
3331010
2222030
3231020
2002031
1004330
200321
301232
3024002
3120230
200333
2002022
200330
2002043
200342
301223
301220
2002040
2002034
2213300
3024020
3430100
1004300
310004
1004303
231203
310001
3120200
3120203
231200
301202
310013
2312300
310010
3231002
2002010
2002013
2002001
231230
1202303
2002004
3014300
1202300
24032
3231200
3400301
3120302
2002103
2002100
1202330
3400310
24002
3300014
200300
3300011
200303
3300002
200312
301130
24023
301133
24020
3300020
3300023
1233200
1031300
3300041
1031303
200204
3430010
223400
200201
231302
3300032
3430001
200222
301103
301100
231320
200213
200210
1031330
3120320
3400202
200234
2321030
200231
3400220
2002130
2002133
200240
200243
3300113
2002232
1303031
231002
3300122
2002220
3300101
1303010
2002223
1303013
3300110
3300104
1303022
32312
2002202
231032
1303001
4002302
1303004
3300131
32300
32303
310202
3300140
231020
231023
2002301
1103033
310220
4002203
4002200
1103030
3323000
310223
32330
310232
32321
2213030
3222200
1103003
4002230
1103000
3300212
3300221
2213003
2213000
3300203
3300200
1004033
32402
310031
4100030
310022
310040
2002340
310043
4100003
4302020
4100000
310034
3300230
3024200
301430
3032021
2002322
3032030
2002331
2002310
301403
301400
32420
3032003
3032000
2002304
3032012
2002313
2002430
3300311
2002400
2002403
3222020
3300302
310100
310103
2204300
301322
4302002
1233020
2321300
301313
4100033
1233002
301340
3300320
310133
310130
301331
32042
422300
2204000
2204003
32033
2010233
3031130
1023002
2204030
3222002
2010230
32012
1023020
1023023
32000
32003
2010203
32030
2010200
32024
1023032
1323020
32021
24320
32102
3031040
32123
32120
2320400
3200402
1303202
3200420
3031103
3031100
1303220
3200321
3200330
1303130
4010003
4010000
32132
1004003
1004000
4010030
4340000
2010323
2010320
4010033
1004030
4202300
2010332
32231
1303040
32240
2010302
1023200
1023203
3031202
32201
32204
3200300
3200303
32210
3031220
32213
1303100
1303103
1323200
3200312
4002320
32222
1023230
3200222
302021
4020020
4020023
422030
2313020
302030
3200213
1203002
302024
3200210
3200204
4020002
3040040
3200201
3400130
302033
1032032
302042
2313002
3040031
1032023
3101303
1032020
3330200
3101300
3200240
3040022
200132
3031400
3040010
3040013
3200231
3040001
1032002
3040004
1023320
200123
200120
224030
224003
3031310
224000
200102
3040103
3014030
3031301
3040100
3200132
1023302
230420
1203032
302000
230402
302003
3400100
3400103
4020032
1203023
1203020
302012
3400031
4202000
4202003
1333001
3330110
3400022
3330101
2103320
2103302
3400013
3400010
200042
3400004
200033
3400001
1333010
200030
4010303
200024
4010300
3014000
200021
3014003
3200123
3200120
3200102
200012
3040130
3400040
1303400
24302
200000
4202030
200003
3101330
3200021
4010330
2313200
3200024
3200030
3200000
3200003
4020200
4020203
1303310
24200
24203
3200012
1303301
1333100
3040220
3200033
434000
24230
422003
422000
3200042
3040202
224300
311003
1040033
311000
2001002
100202
3230000
3230003
3013310
3102002
3023003
3023000
2001023
100220
3230012
3013301
302240
2001020
100223
3023012
311033
1040003
1040000
302231
311030
1203302
3023021
230204
302222
4003001
1203320
4003004
3023030
230201
1040030
302213
1030202
302210
100133
302330
4003022
230222
100130
1013003
4003013
302321
1013000
230210
1203200
230213
1030220
2322020
1030223
4003010
1203203
302312
1203230
2243000
1030232
4003031
230231
123302
100103
3230021
100100
3102023
302300
302303
1013030
3102020
1013033
3230030
3040301
4133000
230240
4003040
3332000
3102032
3040310
2322002
3023102
123320
3230120
302132
100331
100334
123200
123203
100322
1030301
1331300
432200
123230
230300
230303
302123
100340
100343
302120
302102
1030313
100301
1030310
3013130
3301100
1030304
230312
3301103
100313
1030331
230321
100304
3230102
1030322
230330
100310
3013220
23021
2423000
3301004
302201
1030340
23012
3301001
302204
23033
3102200
3102203
3301013
3301010
3230201
3301022
23024
23030
3040400
3301031
2001032
100232
1340030
23003
1340003
1340000
23000
3301040
3401300
3013202
4301300
1340300
31313
1030430
3301202
31322
4003220
31301
1030403
1030400
31310
1040303
4003202
1040300
31304
2001233
2322200
31331
31340
2001230
3301220
2001200
2001203
2400230
123032
3023300
31232
3301130
123023
123020
2120300
2120303
2400200
2400203
230012
1304030
230000
230003
4003310
4003301
1304000
1040330
1304003
3033020
230033
3322100
2400032
3023120
3033011
2010002
4003103
230042
4003100
3033002
230021
31430
230030
230024
123002
3223100
2400002
2010032
3013400
4003130
2400020
100040
2400023
100043
2120330
100034
2010023
2010020
100031
230102
2001332
1133300
100022
4301003
4301000
100013
100010
2001320
2001323
100004
100001
302402
3301301
230132
3322001
2001302
3301310
3322010
31400
31403
3023210
302420
230120
230123
4301030
3023201
2304200
23303
23300
1022030
3413000
23312
1022033
23321
31103
31100
31040
3032102
31043
23330
3032120
3223010
31013
31010
2120000
2120003
31022
31031
3300410
3300401
2120030
31034
1304300
310430
2120033
23402
1022000
1022003
31004
23420
3223001
3314000
31001
310403
310400
3041000
3032201
3041003
31202
4310300
31223
31220
3032210
310340
1133000
1133003
2304002
3340100
310322
2220320
310331
2304020
310310
3110330
310304
310313
2220302
3032300
4003400
310301
1133030
31133
3110300
3110303
31130
423200
3110000
3013022
3110003
3102230
3013013
1022300
3013010
1022303
303002
3013004
23042
3230210
4232000
3013001
1013330
1332200
303020
303023
1022330
433100
303011
23102
3013040
303014
303032
2220230
3013031
1013303
1031030
1013300
23120
23123
23132
3102302
1031033
3230300
303041
2220203
2220200
3422000
3102320
1031003
1031000
303101
3340010
3013100
3041030
3013103
3340001
433001
423002
4310030
433010
423020
23231
23222
23210
23213
3401000
3401003
23201
23204
3120023
3120020
3401030
23240
3120002
1332002
4403000
3110033
3331100
3110030
1332020
2220032
3120032
