403020
3201000
2202
3201003
22002
3
4030200
301302
2310300
12
1000023
1000020
200403
3103200
200400
21
4002000
2000034
4002003
1000002
24
33030
2000043
2310030
30
2000040
2232
2000022
33
3321000
42
4002030
2000031
2330100
200430
1200303
2000004
1200300
2223
2000001
2232000
2220
1000032
2000013
2000010
220023
103002
220020
200322
2330010
4000032
3024000
200331
2002023
2330001
2002020
33102
200340
1200330
2000103
220002
2000100
301230
2002032
102
2301
103032
301200
301203
310002
4000002
1033002
403002
210300
210303
3231000
103023
103020
1033020
2002002
123
33120
4000023
3030300
4000020
120
4000230
2013030
132
2301300
3120300
2230002
210330
130230
33201
24003
3300012
24000
2103
200301
304020
2013000
2013003
2100
33210
132300
13302
4000203
3300000
3300003
4000200
200313
3300030
4030020
304002
130203
130200
200304
3012300
3300021
3203010
220032
1033200
24030
200310
2133
204
4030002
201
200202
3203001
2130
2004300
231300
3010320
13200
13203
200223
3103020
222
200220
130302
3123000
213
120330
1002003
210
330300
1002000
321300
1002030
3103002
3400200
234
200232
231
2310003
2310000
13230
2030400
1002033
243
240
340020
2202000
2400300
2202003
2043000
2000301
231003
231000
2002230
3300120
3300102
1330200
2000310
2000304
340002
3030120
2000313
1303020
3030102
2030220
2002203
1000302
130320
231030
2002200
4002300
312
1303002
202320
103200
32310
103203
103230
32301
3010302
310203
2202030
243000
310200
300
3210300
303
342
233100
202302
30402
1000200
2002302
1000203
4203
210000
2030310
210003
4200
324
30420
310230
321
3010200
403200
3010203
333
330
3300210
2000322
3220002
1000233
1000230
2000331
323100
210033
210030
3010230
3220020
2030301
2000340
3030021
3300201
3030030
2230020
13002
103302
2304
32400
1002330
2310
30222
402
30210
3020301
2313
2301030
310020
30213
310023
2322
3020310
13023
2030130
13020
2331
310032
30231
103320
13032
2301000
2004030
2100003
2100000
2301003
2340
3220200
2002320
432
30240
2000133
2000130
4230
2030103
2030100
3032001
3032010
2004003
420
2100030
3030210
423
2004000
2000232
3030201
2200002
2100033
1000320
1000323
2230200
1000332
4320
30303
340200
30300
2200020
3300300
2200023
2030202
1002303
2000202
321030
4302
204300
2200032
1002300
2400
30312
4302000
2403
301320
33003
233001
33000
33012
1233000
3020400
2000223
30330
233010
2000220
2430
33021
30321
3010032
30132
3020220
32040
2303001
2020200
2020203
3020202
1023003
3010020
1023000
3010023
3222000
120033
2202300
30123
30120
32013
3010002
2030010
30102
2030013
332100
120030
32010
32004
2030001
32001
3000102
2030004
3002301
3000123
32031
3000120
20040
321003
4320000
20043
321000
430002
120000
32022
1023030
120003
20034
3130200
2303010
4300002
20031
2030040
2130300
3004020
3000132
430020
30201
32103
20022
30204
32100
20010
2030031
3002310
4300020
20013
3200400
2030022
20001
202002
3022200
20004
3004002
1303200
2022300
2303100
3042000
202023
202020
2033100
4200300
202032
30012
10323
420030
10320
2020320
3000201
20223
2000400
20220
2000403
10332
3002130
30003
3000204
30000
323010
3031002
3000210
213030
3000213
2200230
420003
420000
202200
20202
2340000
3000222
202203
2020302
3000231
32130
3031020
202230
3000240
2000430
2010330
2200203
3020040
2200200
213003
213000
313200
2033010
22302
3002202
20130
20133
3020130
2010300
2033001
2200302
2010303
30042
3031200
22320
2020230
3000303
30033
32202
3000300
3200301
10302
30024
3020103
3020100
3002220
323001
20100
20103
3200310
30030
30021
32220
3000312
302022
3200220
330201
3004200
313002
120300
120303
20331
302031
1203000
1203003
20322
4020030
4020000
313020
22230
4020003
3002001
3000
3002004
43200
3200202
3003
1032300
3002010
20340
4000320
2313000
4300200
302040
303120
3002013
1032030
20301
204000
204003
3002022
2200320
3040020
3302100
2403000
3002031
200133
20313
200130
3002040
20310
33300
204030
330210
3040002
1032003
20304
1032000
3020013
4200000
3020010
4200003
2130030
3042
12330
3020004
3020001
3020031
200103
200100
330120
3020022
4200030
3200130
3402000
1023300
1203030
20232
303210
2022030
1030023
3021
1030020
303201
12303
3012
12300
302001
3002100
4000302
1030032
3002103
3033
230400
302004
22203
2130003
3024
22200
302010
2130000
302013
3030
3302001
2220030
3132000
3022002
3302010
222030
3400020
2022003
332010
2022000
213300
2103300
200043
200040
2220003
332001
2220000
3400002
200034
1030002
300021
200031
330102
20430
200022
300030
300024
200013
3200103
3200100
300000
200010
300003
300012
2020032
432000
200004
24300
200001
3000021
1020
330003
330000
1023
3200022
303300
3000030
2020023
133020
330012
2020020
22020
22023
3200031
3000024
20400
3202200
3200001
1002
20403
3200004
3000003
43020
3000000
22032
3200010
3000012
2020002
3200013
3130020
133002
420300
3012000
3012003
3130002
222000
330021
222003
3000033
3022020
3200040
3012030
330030
3040200
3000042
3320001
2003400
100200
2001003
100203
3320010
2001000
1323000
3230001
3102000
3102003
3023001
3230010
3023010
2320020
300033
320400
3312
2300310
1203300
3321
300042
234000
302220
4003002
3303
430200
2300301
3300
2320002
230202
1230030
1030203
1030200
1032
4003020
3310200
230220
3222
300132
102330
2300400
1003203
1003200
1230003
12030
3231
1230000
3201
12000
12003
1003230
3204
402000
1030230
402003
3210
3213
302310
2040300
102303
123300
102300
302301
300102
402030
3102030
240030
240003
240000
3002400
300120
3023100
2322000
3240
300123
1302300
300204
100332
302130
300201
100320
2300220
1003023
320310
1003020
1230
100323
300222
1030302
320301
4020300
1233
1300320
232200
40032
230301
300213
300210
2300202
1003032
40020
302100
230310
40023
302103
100302
2003301
2003310
40002
1300302
3230100
1030320
43002
34200
2003202
23022
3102
302202
23010
23013
3301002
2223000
2003220
3202020
3301020
23031
3202002
2001033
222300
3203100
3132
100233
133200
3123
100230
3120
2001030
300231
1203
1200
23001
3013200
1300230
23004
300240
1300203
1300200
3301200
31320
10032
31302
300321
10023
10020
4003200
3100032
300330
2300040
320130
2031300
203400
2430000
300312
10002
1230300
300303
300300
2003100
123030
300402
2003103
201330
2300130
1302
2331000
2203020
2040003
102030
2040000
230010
201303
2003130
230013
201300
402300
320202
230001
40320
230004
1332
2300100
2300103
1320
1323
102033
2040030
320220
1302030
203301
3402
3000420
320040
2032200
2003031
2010000
203310
40302
2010003
230040
3033000
230022
102003
102000
3420
2103030
2003010
2003013
230031
34002
2003022
123000
123003
320013
320010
1300032
2400000
2400003
2203002
3330000
320004
34020
2010033
12033
322200
1003320
320001
1003302
320031
3000402
2003040
2010030
100032
320022
300420
2400030
2103003
2103000
1300002
2300001
10230
230103
2300004
40230
230100
100023
2300010
3330
232002
10233
100020
320100
2001330
2300013
320103
2300022
1300023
1300020
100002
2300031
232020
4023000
2320200
302400
230130
3100020
3100023
3000321
10200
40203
2001303
2001300
2003004
10203
40200
3000330
2003001
3100002
3320100
23301
3001302
3100320
3003000
23310
3003003
3201300
1330020
2302020
312300
1330002
3032100
1320300
3100302
201003
201000
400320
42300
3001320
2034000
201030
400302
31023
203220
2031000
2031003
31020
201033
3210030
3001230
31032
203202
1020033
2032020
2031030
2302002
23400
3210000
3210003
2032002
331002
31002
400230
203031
3240000
31203
3100203
31200
3100200
4032000
3003120
3021300
203010
2100330
31230
203013
4230000
2023200
203022
2302200
3003102
21300
3001203
2203200
21303
3001200
400200
1020030
400203
1020000
203040
1020003
2100303
2100300
342000
1302000
1302003
3420000
21330
310320
2304000
203100
203103
1200030
1200003
1200000
322002
3100230
322020
2220300
310302
203130
3003030
1200033
3030003
3030000
3003021
3030012
3003012
3013020
1320030
3001032
304200
220230
3201030
42003
303003
23040
324000
42000
303000
3013002
3312000
1320000
1320003
312000
312003
4032
13320
3003201
303021
303012
23103
23100
42030
3003210
312030
303030
1020300
1020303
1003002
4002
3102300
23130
4020
331200
4023
400032
3001002
1020330
223200
220200
3204000
220203
240300
400023
400020
203004
303102
2013300
3001020
203001
3001023
400002
2034
130002
2040
21000
21003
2043
3213000
223002
3021030
331020
423000
2022
2031
132030
2001
21030
223020
2004
130032
2010
21033
2013
23220
130023
130020
3310002
23202
132003
3021000
3021003
132000
301023
3120030
301020
3310020
2023020
220302
3003300
301002
3120003
3120000
3303000
220320
1332000
4203000
2023002
301032
333000
2133000
