2200
22000
1
11002
1102
4
1000030
100201
10
2001001
13
1000021
2001010
100210
1000012
22
1000003
1111
1000000
1020100
31
1111000
110011
2000020
30100
3010000
1210000
1001011
1001020
1012000
110002
40
201001
3000100
1120
201010
120010
2000002
120001
1001002
2000011
103000
1030
20020
12001
20011
220000
2000101
20002
110020
202000
12010
2000110
103
100102
100
310000
300100
100111
4000000
112
2002000
31000
121
100120
1101001
30010
201100
1001110
130
30001
121000
1001101
1010200
1101010
20200
2001100
2101
100300
2110
1020001
1200100
40000
1020010
1002100
3100
200200
202
220
1021000
1200001
1002010
1200010
1002001
211
1100002
1001200
101200
1100011
1000120
10300
1000102
1201
20101
1100020
1210
1000111
20110
1102000
1010101
2100100
1010110
10030
3001
10021
10012
1000300
2011000
310
11200
10000
10003
101002
101011
101020
301
102100
10111
4000
1000201
1003000
210010
210001
10102
101101
1300
2110000
101110
1100110
200101
200110
1100101
1120000
1000210
3001000
1011100
3010
400000
1101100
2010010
13000
11110
130000
21001
2010001
400
21010
102001
2020
102010
111100
1030000
2002
2100001
210100
200020
2100010
2011
112000
1110100
110101
1011010
300001
200011
110110
11101
10120
1100200
300010
200002
2101000
120100
111010
2200000
100030
1300000
1021
1110010
1011001
100021
1012
1201000
1110001
1000
10210
1003
100012
3000001
301000
1010020
110200
3000010
100003
2020000
100000
2000200
1010011
11011
11020
10201
2010100
21100
12100
1010002
3100000
111001
211000
