3
3033300
3003000
30003
30000
3003003
303003
3033000
33033
303000
3033003
3000
3330030
3003
300333
33030
33330
3333000
30
300330
3303300
33
300033
3330000
3330003
300030
3300000
3300003
3003330
3303
303033
3300030
3300
300000
300003
300303
33300
33303
300300
300
330330
303
303030
303303
330003
330000
303300
3330
3330300
3000030
3300033
3303030
3003303
3003300
3333
30303
30300
3000003
333300
3300300
333030
3300303
3000000
3030330
333
330
330303
330300
3303000
3030033
3003033
303330
3303003
330033
3000303
30033
3000300
3000333
33003
3000330
3003030
33000
30333
3300330
3030003
3030000
3033
3000033
30330
30030
3033030
333000
333003
330030
3030
3030030
3030300
3030303
