3320000
2
3320003
2300333
3203300
3230000
33032
3230003
3203303
20
2000033
23
2300330
3023003
3023000
3320030
32
3320033
300032
2000030
3233003
3323
3233000
3320
2300303
3302
2300300
2000000
2000003
3023030
3023033
302330
302333
200333
2003333
200330
2003330
2330003
3230
2330000
3030323
3200
3203
3030320
3030332
2303
2300
302300
323330
302303
3230030
3332003
2330033
3332000
3332030
2330030
3233
3230033
3030302
233300
300203
300200
233303
3333020
3323300
320303
320300
230300
230303
3333002
233330
33200
3203033
33203
200300
2003300
200303
2003303
3203030
3300002
330320
330323
3300020
330332
230333
3300023
230330
3203000
200
203
3203003
33233
3300032
23033
33230
330302
23030
300233
233
230
300230
23003
320330
23000
320333
2000300
2000303
333320
300320
300323
300332
2033300
2033303
2300033
32300
32303
2033330
300302
3320300
302
3320303
3323003
3323000
3023300
32333
3023303
2030330
2030333
32330
323
320
332
332300
332303
3030032
230000
2000330
230003
2000333
3023330
2030303
3030023
3030020
2030300
332330
3300203
3300200
203300
203303
233030
3033020
230033
2003030
3033023
3020300
2003033
233033
3020303
3330032
320033
3033002
30233
3300233
3032033
230030
2330
3300230
30230
323300
3330023
323303
2333
3330020
3030233
3030230
3032030
3323030
3020333
3330002
3020330
320003
320000
320030
3032003
3032000
3030200
2300003
2300000
3030203
3332
30302
3300302
2300030
3233030
2333030
203330
3000323
3000320
203333
3000332
3203330
33002
2003003
233000
2003000
233003
30332
2333003
2333000
3033032
3300332
3300323
33023
33020
3300320
30320
30323
23303
2303003
2303000
23300
3033302
32033
3003002
3303302
23330
23333
2303033
2030003
2303030
2030000
3002303
32000
3002300
32003
32030
2033033
2033030
3033320
20033
3303320
20030
30203
3002333
30200
2030033
3002330
2030030
3302330
20003
20000
3033230
332033
3302303
3302300
203030
203033
3000200
3000203
3200333
333230
30002
3200330
3303200
3303203
3303230
323033
323030
3000230
3033203
3033200
3000233
3020033
333203
333200
3330320
333302
2033000
2033003
3320330
3003032
3032303
3032300
30032
3000302
3200300
3200303
3030002
323003
323000
3003023
3003020
3233300
2333300
30020
30023
330203
20333
330200
33323
20330
3330230
3003233
33320
302030
3002003
303002
3002000
3002
302033
33332
3032330
330233
20303
20300
303020
3003200
3003203
303023
3330203
3330200
3002030
330230
3002033
303032
2330330
3333200
3003230
33302
3330302
3020003
2303300
3230300
2303303
3230303
3020000
3020030
2330303
2330300
3023
3020
303200
2303330
3230330
303203
3302033
302000
3032
3302030
302003
203000
203003
303230
3302003
2033
3302000
332030
303233
332003
332000
200033
2030
2003
300020
2000
200030
300023
3003332
300002
200000
200003
3000023
3000020
3303032
330002
303302
3003302
3200030
3200000
3003323
3200003
3003320
3303023
3000002
3303020
303323
303320
333032
3303002
330032
303332
3332300
333020
333023
330020
330023
3200033
3000032
333002
