44002
1
4
1033030
132202
4102030
10
4000102
13
132220
210202
130102
4000120
44020
4000123
22
1002202
1301302
31
1400320
34
210220
420400
210223
3321001
43
40
1002220
2013130
1002223
210232
2004400
1002232
3321010
4000042
3030310
4000033
132130
2013103
2013100
1002133
1002130
2123002
103
100
1301320
4000012
4000003
130123
130120
4000000
1033003
132103
1033000
132100
1313200
210301
4000024
1033012
4000030
112
130132
3123100
1033021
124
3030301
121
4000021
4000231
130222
210304
4300300
210310
142
2013031
130213
210313
321400
130
133
130210
210322
1231030
2230003
4000240
2230000
210331
2230012
130231
2013040
2013004
2013001
304021
210340
4000204
3123010
132301
304030
4000201
2410300
1033210
132310
304000
304003
4000213
2013022
130204
4000210
130201
4000222
2013013
1033201
304012
1231000
1002100
1231003
2013010
1002103
1033102
2004301
202
304120
220
304102
1002013
223
130300
1002010
3123001
130303
214
1002004
2004310
1002001
211
321301
1002031
210400
4000132
210403
232
3030400
1002022
321310
130240
1033120
2440000
1002040
1002043
2210320
4102003
244
4102000
210430
241
1002034
2202004
2202001
412003
412000
3030130
2400301
2043001
2202013
2202010
2004100
1301032
1330201
2004103
3030112
2230120
412030
3030121
2400310
3030103
202330
304
1313002
3030100
1301020
130321
1301023
310
313
2230102
202321
1330210
2202040
321220
130330
2202022
202312
1301002
2004130
1313020
2202031
130312
301
343
210013
202300
202303
340
130420
210010
210004
132400
210001
130402
322
334
331
321202
210043
2202103
2202100
210040
1002430
3030040
210034
2004220
1330300
210031
2230030
3030022
1002403
2123200
1002400
2004202
210022
2140300
113032
3030031
202240
2230021
113023
1002331
113020
412
403
321130
400
1240030
1002322
2410003
1002313
2410000
1240000
113002
1240003
1002304
3321100
1002310
2004031
442
210103
210100
2043100
2004022
433
321103
321100
2410030
2400400
424
2004013
3030220
2230210
2004010
2123020
430
4132000
2004004
421
3030211
2004001
1002340
202420
210133
3030202
210130
2230201
1010032
2004040
312400
202402
1301230
1010020
2431000
1010023
321031
1002301
1301200
1301203
2323000
1010002
1231300
321040
342100
2043010
1331002
3130210
3022120
2020201
140320
2020204
2210002
2020210
1010320
2020213
1010323
2401030
1010332
2202301
2020222
321022
2210023
140302
2210020
4031200
321013
321010
3000103
3000100
3000121
2210032
321004
3022102
321001
303400
3000124
202102
3000112
3130201
4300003
2020132
3000142
4300000
343000
3000133
3000130
4300012
113302
202012
4300021
202000
202003
3022201
4300030
2202310
2020102
202024
202030
3130120
113320
313300
202021
202042
1331020
202033
2020123
2020120
2020330
113230
420031
2020321
3000202
420022
3031000
420010
3000211
3031003
313120
1010200
3000214
1010203
420013
202204
420001
3000220
202201
3000223
420004
3241000
202213
2020303
202210
3031021
2020300
3022210
202222
3000232
3031012
202231
3000241
2020312
1010233
313102
2202130
1010230
3031030
313201
2202220
1321300
122023
202120
202123
313210
122020
412300
3130300
1400032
202132
3302200
4031002
122032
1400023
1400020
2020231
3000301
3410200
4031020
43300
3000310
3022300
1400002
2202202
1010302
420040
3000304
4231000
113200
113203
122002
3000313
2020240
420130
1032310
313003
303112
4300210
313000
122230
313021
4000330
303130
43201
4000321
1032301
313012
4300201
43210
303121
420103
420100
3302110
122203
122200
3302101
2210302
2210203
2210200
420202
2012302
2132200
420220
334000
2210230
303211
4000312
303202
313030
1032220
4000303
4000300
2012320
3302020
1032202
303220
3302002
43102
3410020
1400230
2220031
3022012
3130102
3302011
2132020
3022003
3022000
2220022
2220010
2220013
2202400
2220001
2012230
2132002
2220004
131002
1400200
122320
1400203
1321003
43120
1032400
1321000
2020042
3410002
2020033
3313000
4204000
133102
1204300
3000022
133012
2020030
122302
3122200
131032
1021
303301
1321030
4000402
2020024
1400302
3000031
133021
2020021
1012
43030
303310
1000
131020
2020012
1003
131023
3000004
3130030
3000001
43021
3000013
2020003
3000010
133000
43012
133003
2020000
3130021
420301
4300120
3130012
3130000
2401003
3130003
2401000
133030
4000420
3022030
2012200
2012203
3000034
3022021
420310
4300102
3000040
3000043
1102
3320002
2003401
3320011
1323001
3320020
2003410
1034002
4420000
1132
320401
4203010
2012032
1034020
4001032
1123
1120
320410
1310002
2134000
1003210
1033
1310020
1310023
1003213
1302310
1024
1003201
1030
1003204
1310032
1003231
1042
1003222
1003240
2042200
4203100
404200
1302301
1003012
1222
320311
1024300
1231
1003021
320302
1003030
1234
1003024
4001200
4001203
1240
1003033
1243
1003042
2003302
404020
131203
140002
131200
2003311
404002
131230
2003320
140023
140020
2003203
2012002
3122020
4040200
2003200
2003212
131302
2012023
2012020
2003221
131320
1034200
2003230
1003102
4001230
1100002
1302400
1223200
1232002
1310203
1003120
1003123
1201
1310200
3122002
1100020
1204
1100023
1210
320320
1232020
1003132
1213
1003420
3021400
1302130
10042
2203102
10033
10030
3100042
10024
1003402
10021
2003140
1100032
3100033
1302100
10012
1302103
320131
1402
201232
2020402
2203120
320140
10000
10003
3113200
201223
201220
1232200
2003101
3100123
1120030
3100120
201331
320230
2203030
1303
10102
201340
1300
2203021
201313
140032
2203012
2020420
201322
1120000
3100102
1120003
3320200
2003131
413002
201301
1342
1302040
320203
320200
1330
201304
1333
2003122
201310
1321
413020
1324
2401300
320212
1302022
2003113
1312
2003110
1430200
3100132
1302031
1120033
2003104
320221
201400
320041
201403
2003032
320032
2042020
2003011
3232000
2003014
2003020
140230
2003023
10132
320014
3330010
320011
2042002
1003312
3330001
2203003
1024030
2203000
320002
1003321
1302220
1003303
1003300
2003041
1024000
1024003
320023
320020
10120
1100203
10123
1100200
320104
4001023
1302202
4001020
10231
320110
10234
1432
1430020
320101
311302
10210
311320
1003330
320122
4001002
10213
1100230
320113
1100233
1423
10222
2122030
1420
2122003
2122000
3100021
10201
3100024
10204
2003002
201430
3100030
3113020
3100000
3100003
3320110
140200
140203
3113002
244000
3320101
3100012
3100330
1100332
1430002
312310
1100320
1100323
3100321
413200
3420100
1330021
312301
1330030
1330000
1330003
3021130
1100302
3100300
3100303
201001
1330012
201004
2034010
3100312
201010
1042300
201013
4230100
2034001
201022
201031
3021100
3021103
2021230
2203300
201034
201040
201043
3100402
312220
3240100
3131200
2341000
2021203
2021200
312202
201100
3240001
201103
4032010
3100201
4032001
121003
3240010
3100204
121000
3021301
3100210
2021302
4230001
3100213
3021310
3100222
4230010
201130
4220002
201133
2203201
2203210
1330120
4220020
3420010
1302010
1302013
312130
1302001
3420001
1302004
1240300
3021220
2402200
1330102
2034100
421030
312100
312103
3100231
121030
121033
2021320
4032100
3021202
3030001
3100240
3030004
3030010
421000
421003
2122300
201202
3030013
4001302
1042000
1042003
304201
312040
3303100
3121300
304210
3312001
1322200
4100320
3312010
312001
1310230
312004
312010
312013
4100302
44200
1042030
312022
2011300
2011303
312031
4001320
1310320
1003003
3131002
1003000
2011330
1310302
1033300
3312100
4100230
2032
130000
3021040
130003
130012
2041
2044
3021031
1223020
2020
2023
2402002
2133100
4100200
4100203
2021032
2002
3021013
132031
3021010
1223002
130033
4040020
132022
2011
2021020
3021022
2021023
2014
130042
2402020
132013
130021
132010
3100420
3021004
130030
132004
3021001
3131020
2021002
132001
4040002
130024
121330
1423000
132040
421300
3303010
1322002
304300
3303001
2133010
121303
121300
1322020
4203001
4220200
2133001
2200
4130200
403021
11002
2203
1000024
1000030
2310040
403012
33040
1000021
143002
3311200
1000012
2310022
1000003
1000000
403030
33031
2310031
2233
2224
2301400
2230
2041300
1000042
2232001
2221
1000033
143020
2212
2232010
2310100
103000
103003
220021
2310103
2420002
33112
220030
220024
2420020
33103
33100
220003
220000
220012
2242
2302
103033
2310130
103024
340300
103030
403003
403000
33130
103021
33121
103012
2420200
1222300
120400
120403
2301310
2301301
1000132
103042
212230
33202
2101
103102
3010420
33211
2104
2110
220042
3204100
220033
120430
3010402
103120
3010330
134200
2134
103123
120340
2131
2140
2143
3010321
103132
212302
3010312
120322
33220
2113
2301220
120331
220132
2122
403102
2310013
220120
2310010
220123
2310004
1000120
2301202
2310001
1000123
2030401
403120
1000102
2030410
220102
212320
340021
2332000
2440
3010240
11233
340030
2100100
2100103
340000
340003
340012
103213
2030221
1000303
1000300
103210
103204
11200
2100130
11203
2030212
2301130
2041030
103201
2100133
103231
1000312
11230
403300
243001
3010303
2030230
3010300
103222
1000204
4213000
103240
2041000
243010
1000201
2041003
2301103
410032
2301100
2030311
403210
323110
1000222
1000213
3010201
2030320
403201
3010204
410023
4130002
1000210
410020
3010210
1000234
2100202
3010213
4130020
1000231
323101
410002
212203
3010222
212200
2100223
2100220
3010231
2030302
1000243
1000240
103303
103300
3010120
4033000
2030113
2311
3010123
2314
3020302
2301031
4024000
2030122
2323
3020311
1000402
2320
243100
103312
3001402
2030131
2030140
3010132
204400
2301040
2332
103321
2301001
2100001
2301004
1000423
2341
340120
2100004
3020320
103330
1000420
2100010
212002
2100013
2033200
1000432
2030101
2100022
2301022
2030110
340102
2301010
2100031
2301013
212023
2030104
212020
2200000
1000324
2200003
1000321
2100034
1000333
340210
2100040
2232100
3140200
212032
2200012
2100043
1000330
340201
1000342
2200021
2200024
2030200
2030203
2200030
2404
2200033
204301
2401
3001420
11020
143200
2413
2200042
11023
33004
103402
2410
33001
3020401
2422
33013
33010
33022
3020410
204310
2431
103420
11032
3010102
323200
2200120
3010033
2200123
3020221
3010042
41302
3020212
120043
3020200
2130220
3020203
120040
3010021
3010024
120034
410320
2200102
10432
3010030
2030011
3010003
3010000
2030014
332101
2130202
120031
102430
2030002
3140020
332110
3002302
3010012
120022
20044
120010
120013
20041
41320
430012
120001
102400
430003
430000
102403
20032
3140002
120004
430030
3002320
2030041
2130301
430021
20023
2030032
20020
20011
3002311
20014
41230
2030020
20002
2022310
2030023
2022301
10420
2033110
204220
10423
410302
2033101
3020230
204202
2200132
10402
2240200
2200240
323020
20212
10324
3002140
10321
3002131
10333
20221
10330
323011
3002122
2403100
1043200
2200231
2340010
410203
204100
3002113
410200
204103
2340001
20203
1120300
10312
1120303
20200
2200210
2200213
2200222
2240020
10342
3020032
2130310
410230
2240002
2200201
3020041
204130
2200204
2022220
2033011
3002200
332200
3002203
2200312
2033020
2022202
20131
204040
10243
10240
2130400
20134
3020131
3020140
2200300
2200303
2033002
20143
20140
20113
3020113
3002230
20122
3020122
10300
10303
323002
3002221
3020101
20101
3020110
20104
3002212
1120330
3020104
20110
20332
120301
41032
4103200
20320
20323
3002002
3004
120313
3001
2014300
20341
120304
3002011
2022130
3002014
120310
2340100
20302
3304000
204004
2200330
204001
3002020
3002023
204013
2200321
3132100
2403001
204010
3002032
204022
33310
20314
20311
33301
3002041
204031
2022100
2022103
3020014
3020011
120232
2130031
3040
2200420
3043
3020002
2130022
2130040
2403010
33400
1222003
1222000
3020023
3020020
41002
2022031
20233
3022
120202
3010
20224
2022022
20230
3013
3034
3002101
2130010
120223
120220
41020
2022040
41023
2130013
20242
3002110
2130001
3002104
3031
2200402
2130004
3132001
3132010
332020
332011
2130100
2130103
2022001
2022004
2022010
332002
2022013
120130
20422
1222030
120133
20431
41200
41203
1043002
20440
120100
120103
1043020
20401
20404
3311002
20410
20413
3311020
2130130
2014003
2014000
104020
104023
4103002
133300
1312000
1312003
3310120
1312030
104002
3124000
221032
142030
2300320
34120
1230040
221020
221023
234010
4023100
3313
2040220
2300311
1001020
1001023
3322
3310102
234001
2300302
3301
104032
221002
1230031
3310
1300420
2040202
1230022
1001002
4103020
3304
2300410
1230013
3220
2040310
1230010
3310201
12022
3223
2300401
1300402
1230004
234100
1230001
12031
12001
402004
2231020
3202
402001
12004
402013
211330
3211
1001032
12010
12013
3214
2040301
402010
402022
2231002
34102
402031
142003
142000
3203200
3232
3241
2014030
402040
2300212
2300221
1300321
2040103
3142
2040100
2300200
2300203
1300330
34300
1300312
211300
3310210
133120
211303
1300303
1300300
402103
402100
43003
43000
34201
3100
3103
2031400
402130
3203110
3130
1300240
3133
133201
3203101
1001200
3121
3310300
1001203
133210
3124
3112
1300231
2300230
34210
2040130
1300204
1300201
2231200
402202
1001230
322102
12202
1230310
1300222
1001233
142300
12223
12220
1300213
1300210
242002
2430010
2300041
203401
2031301
2430001
242020
2031310
2300032
104302
1230301
402220
203410
2300140
2040040
2300131
104203
1300132
104200
2331001
1001302
2300104
1230220
104230
341020
2040001
2040004
2300110
2040010
4120300
402301
12232
1001323
1001320
2300101
1300102
2032300
2040013
1300120
322120
2300122
1300123
341002
2040022
1001332
2300113
2040031
2201032
203302
2032201
3000421
3403
2430100
3400
2022400
112033
2031202
203311
3000430
34012
3421
211030
322210
1230202
3412
34000
2031220
211033
203320
402310
2032210
34003
34030
341200
12040
1300033
2331010
12043
112000
34021
3430
112003
12034
322201
1300042
3000403
3000400
112030
3000412
2101000
2300002
1300003
2101003
1300000
3340
12130
2300011
3331
2300014
322300
12133
1300012
104320
2300023
1230130
1300021
2300020
1300024
1300030
4023001
2101033
3000322
2201002
4023010
12100
2101030
3000331
12103
2201023
1230103
2201020
1230100
3000340
2031130
211003
211000
402400
2331100
333100
2201200
2201203
3001300
2032120
3001303
2031040
2131300
2032102
203140
1320301
2031103
2031100
3001330
42301
2023300
314200
3001321
2100430
1320310
3001312
3001240
203230
2100400
1320202
2100403
2031001
1130200
203221
1130203
2031004
1213000
203212
42310
1320220
1213003
3001231
220420
203200
203203
3001222
4222000
2032021
2031031
1130230
242200
2032030
2140030
4120030
4120000
2031010
4120003
2140000
2032003
2032000
2140003
2031013
2032012
2031022
1213030
203032
2230300
2100340
1130002
2100331
1320400
203011
2201320
1230400
203014
2023210
2100322
203020
2023201
203023
11320
11323
2100313
3001204
1432000
3001201
2201302
3001213
2100304
3001210
2100310
1130032
1200100
112300
112303
1200103
203041
342001
2100301
1130023
42400
1130020
342010
11302
1200022
203101
1200031
112330
1200001
322000
1200004
322003
322012
1200010
11332
3001102
1200013
322021
203122
322030
203131
203110
3001123
3001120
1200034
2201230
2100232
203104
1200040
1200043
3001132
203113
3001033
1320031
3001030
134020
220231
1320022
3001024
42001
1320010
1320013
2013202
1312300
42004
1320001
42010
2023102
220240
3001042
1320004
42013
2013220
4033
42022
4042
42031
1320040
2131030
42040
4000
4003
4012
4021
4030
4024
2131000
2131003
220204
3001000
3001003
220201
3204001
3204010
42100
2023120
42103
220222
3001021
2013301
203002
4042000
220213
3001012
1213300
2013310
2404000
220210
1320130
42130
1130302
220402
3310003
3310000
3310012
3310021
2023021
220303
220300
3310030
2023012
314020
2013400
42202
1130320
2023030
2040400
220312
42220
333010
3133000
220321
314002
220330
2023000
1320103
134002
1320100
2023003
4102300
333001
22000
4402
3012220
22003
101302
2310301
4030201
22012
13120
3103201
13123
3012202
3003400
2000032
3220300
3103210
2000044
13132
2000041
1220032
2102032
2000020
2000023
1200313
2330110
1200310
2330101
1200304
1200301
2102020
2102023
2000002
2422000
2000014
2310310
241030
2000011
2000113
2330011
2024020
2000122
330400
1200340
2330002
2024002
4030120
1200331
2000101
3012130
1200322
2000104
2000110
431200
3103120
101332
1220020
4030102
1220023
4420
221320
2330020
13102
101323
101320
1220002
3012100
3012103
2102203
2102200
221302
3103102
1200133
1200130
2224000
3012310
330310
4021300
2310202
13303
440002
13300
4030021
3203020
4030030
3203011
3012301
440020
4312000
13213
4030000
4030003
3203002
13210
13204
101233
3103030
13201
1200220
4030012
1200223
3103021
101230
2310220
3103012
221230
1200202
241000
241003
330301
2242000
221200
3103003
3103000
4004020
13240
221203
101203
101200
2102230
13231
4004002
1132300
13222
1200232
3211300
30340
4132
2000302
2024200
101032
2000311
2000314
4004200
4102
101002
4120
233200
101020
101023
4123
3210301
3210310
233101
30403
30400
30412
4204
4201
30421
4213
4210
4222
3012400
30430
233110
3220000
2000323
3220003
2000320
3220012
2000332
3034000
3220021
2000341
214003
3220030
214000
13003
13000
2310400
30223
30220
30211
400402
30214
30232
1200403
13021
1200400
13012
13033
2000143
2000140
3220201
30241
13024
2000134
3210400
1200430
2000131
13030
4231
4240
4030300
400420
13042
3220210
2000233
4330
2000224
3220102
2000230
4321
3220120
30301
2000242
2102002
4300
2000203
4030210
2000200
4303
30313
4013002
30310
30304
233002
440200
4312
2000221
30331
233011
233020
4013020
30322
2000212
30133
2303002
30130
30142
401320
2110330
4200220
30112
4200202
30124
30121
30100
30103
3211030
2110303
2110300
1132030
1132003
2303020
1132000
4320001
213130
401302
2303011
4320010
3004030
22420
3004021
30202
4022002
22402
3004012
4320100
213220
3004000
3004003
4200310
2303101
3042001
213202
3042010
4200301
30013
2000410
30010
2000413
213040
2000401
30004
2000404
30001
2303110
213031
401203
401200
1123300
2000440
213013
213010
213022
3212200
2000431
213004
2000422
213001
22303
22300
4200400
1021003
3033100
1021000
213100
213103
30040
22330
30043
401230
22321
30034
3004120
3004102
2303200
1021033
22312
30031
1021030
30022
22213
330202
3004201
4012300
22210
22222
1220320
1030120
3202120
1030123
4022200
1030132
22231
12400
12403
1021330
3004210
241300
1201033
22240
1220302
2110030
1201030
2101300
1030102
2101303
330220
2110033
213400
222202
3402100
401032
330211
4200004
12322
4200001
4200013
12331
330130
4200010
2101330
2110003
3402010
4200022
2110000
3142000
12340
424000
330121
3402001
4200031
222103
330112
222100
1030021
1030024
1220230
1030030
12301
4200040
12304
1030033
12310
3202102
1030042
22201
4330000
12313
222130
22204
4400002
222022
222031
1220203
3103300
3012040
1220200
1030012
213301
4400020
213310
22102
1030000
3042100
222040
1030003
300022
22123
330100
4022020
22120
330103
300031
3004300
4200103
4200100
300004
3202300
432010
300001
100402
300013
432001
22132
2330200
300010
1123030
401020
22024
330004
401023
330001
22030
100420
100423
330013
22021
1201000
330010
4200130
1201003
3211000
3202201
22042
3211003
1123003
2311030
1123000
401002
22033
432100
100432
3012004
12430
3012001
3012013
3202210
330040
3212002
3012010
222001
3012022
330022
222004
2311003
3012031
330031
2311000
3212020
222010
1021303
222013
1021300
1210033
240100
240103
1210030
1210003
2320021
1210000
2103130
300034
2320030
110002
300040
300043
430201
2320003
2320000
1342000
40132
4400200
2320012
102340
40123
1201300
300130
40120
1201303
2103103
300133
2103100
1403200
102331
2320120
300142
110032
102322
2311300
102313
2320102
430102
240040
110020
102310
110023
40102
102304
14203
14200
102301
1201330
300100
430120
240022
300103
4020400
240031
300112
222400
3104200
240001
3002401
240004
240010
300121
2103040
300124
3002410
240013
14230
300202
324100
232210
4020310
331300
300223
300220
232201
4020301
40033
300214
300211
40042
430300
40021
3104020
3011230
40030
102232
40024
2223100
222220
40000
3104002
40003
3011200
40012
3011203
102223
102220
430210
3011320
2103220
2223001
102202
14302
2103202
3202021
3011302
222310
3202030
300232
3202003
3202000
14320
222301
3202012
2223010
232300
300241
1020430
300340
3221002
40420
2320300
300322
4303000
3221020
102130
1210303
300331
1210300
102133
300310
232102
300304
300313
300301
40402
232120
102100
102103
300400
300403
300412
40330
102031
102022
40321
1403002
102040
102043
1210330
102034
2103013
2103010
40300
40303
2103022
2103031
102001
1403020
102004
102010
40312
102013
2233000
300430
14002
300421
2103004
2103001
14023
14020
40231
232012
232003
232000
40240
14032
232030
3221200
232021
2320201
40201
40204
40210
40213
2320210
40222
21403
21400
3201310
3003004
3210103
3003001
3201301
3210100
2302021
2302030
1020103
1020100
400330
400321
21430
1020130
1020133
3043000
400303
400300
3210040
3210031
400312
1020043
1020040
3210022
1020034
3210013
2302000
3201400
2302003
3210010
2302012
3210004
3210001
3213100
331003
331000
400231
3003130
3003121
3003112
400240
3112300
3210220
2302201
3003103
3003100
21301
1020022
21304
400204
3210202
400201
21310
1020031
1020001
400213
1020004
400210
400222
1020010
1020013
21331
2302102
21340
4013200
240400
21313
3003040
21322
400132
3403000
3210130
3003031
214030
2302120
3003022
3003010
3003013
21130
21133
400120
400123
3201031
324001
223120
2222200
324010
2413000
3201040
400102
2302300
13321
3003202
13312
3003211
3003220
110233
13330
1020403
110230
1020400
3201100
13420
1020301
3201103
2302210
2102302
400042
331201
1020313
110332
331210
400033
110320
110323
1020310
1020304
21202
400024
3201130
400030
1020331
223201
21223
21220
240301
1020322
400021
223210
240310
13402
110302
400012
400003
400000
1020340
2102320
21232
240202
21001
1202020
4321000
331030
1020232
1202023
3213001
21004
223003
331021
21010
223000
240220
21013
3213010
331012
1202032
21022
3112003
3112000
21031
223021
21034
2312002
223012
3201202
21043
21040
3011002
3112030
1202002
2312020
223030
3201220
301021
331102
3003310
3011023
3011020
301012
4021030
3003301
240130
3011032
301003
301000
110200
110203
431020
4021003
4021000
331120
21103
21100
431002
1020202
301042
214300
223102
301033
1020223
301030
1020220
301024
3201001
124300
3101032
301303
3201004
301300
2312200
2321002
4002004
3231100
200401
4002001
3201022
200404
4002013
200410
3201010
4310002
2321020
1202200
3201013
1202203
4002010
200413
4002022
3101002
223300
200422
3024100
4002031
1012000
1012003
3120130
1103302
200431
1103320
1202230
3101023
1012030
3101020
200440
3331000
4002040
2222002
3024010
2104300
2002024
2002030
200323
200320
200332
3231010
3024001
2222020
1012033
301240
1004320
2002021
301222
2002042
200341
4302100
301231
2002033
301204
1004302
301201
310000
231202
310003
3120202
301213
310012
442000
1402300
1031203
301210
1031200
1031230
3120220
3231001
231220
2002012
2002000
2002003
1202302
1103203
1103200
3400300
24040
3120301
2002102
3120310
1202320
1103230
3300013
231400
24001
24004
200302
3300010
24010
3300004
3300001
24013
200314
3300031
2213200
301132
24022
301120
301123
3300022
24031
200311
1031302
231310
3300040
200203
200200
231301
3430000
301102
3014200
200221
200212
1031320
200233
3400201
2002120
2002123
200230
200224
2002132
200242
3400210
1303030
3300112
2002231
231001
3300121
231004
3300100
2002222
3300103
1303012
2002213
1303021
2002210
2002204
2011003
2002201
2011000
231031
1303000
4002301
3120400
1303003
32311
231010
3300130
231013
32302
310201
310204
231022
310213
1103032
2002300
310210
2002303
2321200
4002202
310222
1402000
1103020
310231
1103023
1402003
1233100
32320
3300211
2104030
1103002
310240
2213020
1402030
3300220
2213002
2204200
3300202
2002240
2104003
4002220
2104000
1004032
310024
4100023
231130
32401
4100020
3222100
301420
310030
32410
310021
4002130
310042
4100002
310033
3032020
2002321
4210300
2002330
301402
3032002
1004230
3032011
2002312
2002420
2011030
2011033
3300310
2002402
3300301
310102
1004200
231040
1004203
231100
231103
310123
4302001
301321
310120
1233010
4123000
4002100
1324000
4002103
124030
301312
4302010
4100032
124000
124003
1233001
310132
301330
2010220
32041
2010223
2204002
32032
3222010
2010232
1023004
1023001
3031120
3222001
2204020
24400
32014
1023022
32011
1023013
1023010
32002
2010202
1323010
32020
32023
1023031
32104
32110
1420030
1023040
32101
32122
3200410
1420003
1420000
32113
3200401
4010203
4010200
1303201
1303210
1323100
3031102
4010230
3412000
1023100
1023103
2010133
2010130
2010340
3200320
4002400
4210030
4010002
1023130
1303120
2010304
1004002
2010310
32131
32140
422200
2010313
4010020
4010023
4210000
2010322
1004023
4210003
1004020
4010032
2010331
32230
2010301
1023202
3031201
32200
4002310
32203
3031210
3200302
32212
1023220
3200311
1303102
32221
302023
3200221
302020
2313010
4020022
1203001
3200212
422020
1203004
4020031
4020001
4020004
3200200
1032040
3200203
302032
4020010
2313001
4020013
302041
24130
1032031
3040030
1032022
3101302
3214000
3040021
1032013
200134
3040012
1032010
200131
200140
3040000
3200230
3040003
1032004
200143
1032001
2010430
200113
4202200
3040120
224020
3101200
200122
2221300
3101203
1012330
224002
3014020
1203040
3200140
1023310
200101
3040102
3200131
200104
3031300
1023301
200110
2010403
2010400
1203031
2143000
3421000
3400120
3121000
3121003
230401
302002
1203013
1203010
1012300
3101230
1012303
3400102
1203022
230410
302011
24103
4020040
302014
24100
3400030
1203130
4202002
1333000
3400021
3330100
3121030
2103301
3400012
200044
224200
200041
2103310
4020130
3400003
3400000
200032
24310
1203103
4010302
1203100
3200113
200020
3014002
200023
3200122
2313100
3200101
200014
1032130
200011
4202020
3200110
24301
4020103
1023400
3200104
200002
4020100
4020220
3200020
3200023
24220
4010320
4402000
3200002
1032100
4020202
1032103
3101320
24202
3200011
1303300
3200014
3040210
3200032
422002
2103400
3200041
3040201
1040032
311002
100201
2221003
2221000
2001001
100204
2001004
3102004
2001010
100210
3230002
3102001
100213
2001013
3023002
3102013
3230011
2001022
3102010
100222
3013300
3023011
1040002
1203310
311032
2221030
302230
3023020
1203301
311020
1040023
302221
4003003
4003000
311023
1040020
230203
230200
302212
1030204
1030201
4003021
100132
1030210
1030213
230221
4003012
1013002
302320
230212
1203202
1030222
1030231
1102330
1203220
4003030
302311
1013023
230230
1013020
100102
3230020
1030240
123301
3102022
302302
2113000
2212300
123310
3040300
1013032
2113003
3102031
2322010
3023101
3102040
2322001
1102300
100123
100120
1102303
2001130
100330
302131
100333
2001133
1203400
100321
302140
4240000
123202
100324
1030300
2322100
1030303
302113
230302
1013203
123220
302122
4301200
1013200
3102130
100342
302101
3013120
230311
1013230
100303
2001100
100300
1030312
2001103
302110
302104
3301102
100312
3230110
1030330
230320
3102103
3102100
1030321
3230101
23020
23023
302203
302200
23011
3301003
23014
3301000
23032
3301012
3102202
3230200
1420300
3301021
1243000
3301030
100234
1340020
2001034
2044000
100231
2001031
1340002
23002
1331200
3013201
2001040
100243
3013210
2001043
100240
1030420
3301210
1102000
4012030
31312
1102003
3301201
123103
31321
2212030
123100
2212000
31303
4003210
2120230
2212003
31300
1030402
1040302
4012003
4003201
4012000
2001232
123130
2400130
2001223
2001220
31330
2120203
2120200
123031
2001202
123013
123010
123022
31240
3301120
2120302
2400202
1102033
230011
230014
311203
311200
230002
1304020
1040320
123040
311230
2400220
4003300
1304002
1102030
2001400
1234000
2010010
2001403
2010013
230032
2010001
3033010
2010004
4003102
230041
2400040
230023
3033001
230020
3023110
4003120
2400004
2010043
123001
2010040
2400001
123004
2400013
2010034
1133200
1340200
2400010
2400022
100042
2010031
100033
2400031
2010022
2120320
2001340
100030
2400103
230101
4301020
2400100
100024
100021
230104
230110
2001331
4301002
100012
2001322
2001313
1040230
100003
100000
2001310
302401
3301300
230131
3322000
31420
2001304
302410
2010103
2010100
2001301
230140
1040200
230113
31402
1040203
230122
3023200
1304200
1022023
23302
1022020
23311
1022032
23320
31102
3032101
31042
3032110
3110230
31012
2120002
31021
2120020
31030
2120023
31024
2001430
3300400
3110203
3110200
31033
2120032
310420
23401
23410
1022002
3223000
310402
31000
31003
31210
3032200
3041002
31213
31201
31204
3041020
31231
4201300
2220400
31222
2304100
1022200
1022203
2113300
1133002
310321
2304001
2304010
310330
1133020
310312
3110320
2220301
310303
310300
31132
3110302
2220310
31120
31123
3013021
3110002
3013012
1022302
23041
303001
3013003
3013000
303004
3102220
1022320
303022
303010
4310200
303013
23101
1013320
3013030
303031
1013302
1022230
23122
1204030
1332100
3102301
1031032
303040
23131
2220220
23110
23104
1204000
2220202
1031020
1031023
1204003
23113
1031002
3401200
2314000
303100
3102310
303103
23140
3013102
3340000
423100
433000
423001
4201030
2220130
4310020
23230
3401020
423010
23221
23212
2220100
23203
2220103
23200
3401002
3120100
2113030
3120103
3120031
3120022
3041200
3120013
3120010
3120004
3102400
3120001
1332001
1332010
3110032
4201003
2220040
4201000
123400
3120040
3110023
3110020
