2200
1
223330
22000
22003
2203
4
301303
1000030
1033030
301300
33043
1033033
10
33040
433300
13
33034
3003403
403033
22
3003400
2000032
3220300
1000003
1000000
403030
3220303
33031
31
34
3030340
2000020
2233
2000023
223300
223303
43
40
2230
3233002
2000002
1000033
3003430
3233020
3220330
3331003
3331000
3430030
103000
3030304
103003
3030310
2002030
200323
200320
4000033
340330
330403
220030
330400
200332
3030313
2330002
3030322
33103
33100
330430
220003
220000
3331030
3030331
2002033
2302
103
100
103033
3323200
310000
310003
4000003
4000000
340300
2330032
1033003
103030
1033000
3400330
340303
403003
33133
403000
4000030
33130
2330020
2002000
2002003
2330023
3030301
3313300
330340
4300300
3400303
3333010
3400300
233302
4300303
130
133
304033
2230003
2230000
3333001
3300013
4300330
33202
3203032
330310
330304
2323300
4030033
3300010
200302
3300004
3300001
330313
13303
304030
13300
304000
304003
3300031
3203023
330322
3203020
4030030
220033
3300022
233320
330331
3300043
4030000
3010330
4030003
3300040
200203
3103033
33232
3203002
3010333
202
200200
3300034
3103030
3430003
3430000
220
33223
223
33220
130300
130303
233230
330301
200233
3103003
3103000
232
3030400
3030403
200230
3030430
3333100
3030133
2332000
2332003
1303030
30343
30340
3030130
3220033
2000302
1303033
340030
3300100
3300103
340000
340003
2332030
2033302
3030103
304
202330
2033320
3030100
1000303
1000300
202333
310
313
1303000
130333
1303003
130330
3300133
3300130
2030233
32302
403300
2030230
233200
3010303
233203
3010300
403303
301
3430300
343
202300
202303
340
30403
2002300
30400
2002303
3323002
3034030
32332
322
2030332
334
30430
2030320
2030323
32323
331
332302
32320
3220000
2000323
3030034
3233200
3220003
2000320
3340300
30433
3030043
2230033
3030040
3300223
3300220
2000332
1330300
3034003
332320
1330303
340033
3034000
3030022
2230030
2030302
3300202
3030031
3220030
103303
323320
13003
13000
103300
30223
4033000
2323030
30220
4033003
310030
403
400
3020302
233032
2323
30232
2320
3032032
3300232
1330330
310033
4030330
2332
323302
103333
3032023
13033
3032020
3020323
3030232
3020320
103330
433
3020332
2002333
2002330
13030
3030223
2033203
3323020
2033200
3030220
3032002
430
4030300
4030303
3300313
2000233
2200000
3030202
2200003
4333
4330
3300304
1000333
2033230
3300310
2000230
1000330
403330
30301
3300301
2030200
2030203
2200030
4300
323230
2000203
2000200
2200033
4303
30313
33004
30310
30304
2323000
33001
3300340
2323003
233002
3300331
30334
33013
33010
30331
33022
233020
3300322
301333
233023
301330
323203
30322
323200
3010033
30133
3033301
2303002
30130
3033310
32032
3020200
3020203
3304300
3010030
30100
3010003
30103
3010000
2303032
334300
2030002
3002302
3000103
3000100
32002
2303020
2303023
303403
303400
2033032
32020
430003
430000
32023
20032
4300003
3004030
430030
4300000
343000
3002320
4330300
343003
3002323
3002332
30202
3000133
3202330
313330
20023
2030032
3000130
20020
3033220
4033030
2030020
20002
202000
202003
2030023
4300030
430033
3302320
3004000
303430
3004003
202030
332032
343030
313303
313300
3302302
3020233
3020230
202033
323020
2020330
323023
30013
30010
3200323
2020333
3200320
30004
3200332
10333
3000202
10330
43330
30001
3031000
3031003
323032
3000220
20203
3000223
20200
2020303
2020300
3033202
3000232
332230
3330310
3020032
3031033
3004033
3130330
3302230
3031030
32230
332200
22303
3002200
332203
22300
3002203
32233
2033020
3330400
2033023
3033100
3033103
3130300
2332300
3022330
3130303
2200300
2200303
2033002
3302200
3302203
30040
22330
30043
22333
3002233
32200
3002230
30034
3000301
32203
43303
10300
3200302
43300
10303
2303230
3000310
2303200
323002
3022303
3022300
2303203
3033130
30031
3000304
30022
3000313
20332
330202
302023
302020
33322
313003
313000
20320
33313
20323
3004
3002002
303133
33340
4000330
4000333
3001
303130
3200200
3200203
302032
3040033
33331
3330220
20302
330232
3304000
2200330
3304003
2200333
3002020
3040030
3002023
334030
3330202
3002032
33310
330220
33304
3200233
330223
33301
3200230
3040000
3040003
2330320
3304030
3332200
4330030
3330301
3040
3043
330133
330130
3020002
2303302
33403
2303320
4033300
33400
2330302
3031303
3020023
3313030
3020020
3031300
334003
334000
313033
20233
3022
3010
303202
1030030
20230
3302032
3013
313030
3034
4000303
1030033
302002
4000300
3302020
4330003
4330000
3302023
3031
303220
303223
3031330
3302002
3400030
1333000
303232
1333003
3004330
3103300
3022003
3103303
3022000
3330100
332023
3330103
332020
2330230
332002
1030000
3400003
3400000
1030003
200032
300022
330100
330103
1333030
200020
300031
200023
3004300
3103330
3004303
300004
3202303
33430
3202300
300001
3313003
300013
2020033
3313000
2330200
3400033
300010
2330203
4300033
200002
3000022
2020030
330004
43033
3200020
303301
3200023
330001
22030
3000031
303304
330013
3130033
330010
303310
43030
1000
1003
3200002
3000004
303313
3130030
3000001
303322
22033
3000013
1303300
3000010
133000
2020003
2020000
133003
1303303
303331
330034
3130000
3130003
330040
303340
3330130
3022033
330043
133030
3200032
330022
3022030
3033400
3000034
1303330
330031
3000040
3000043
133033
3320002
3040330
133300
3203320
133303
2300332
3203302
3403300
3230002
2320033
3320020
3320023
3023002
3013303
2300320
2300323
232330
3013300
3320032
3334000
302233
300034
3313
2320030
302230
3322
3023020
300040
300043
3023023
4003003
2300302
3301
4003000
2320003
230203
2320000
230200
322330
3310
3023032
3304
4333000
300130
1033
3220
300133
3223
302332
302323
2003332
302320
1030
230233
3202
1333300
4003033
4003030
4303300
230230
3230023
3230020
300100
300103
302302
3040300
3040303
133330
3203230
3332002
3203203
3203200
3232
3230032
3332020
3013330
100330
300202
100333
331303
3223300
331300
300223
320302
1003030
1030300
1030303
300220
40033
1300333
230302
430303
2300200
1003033
430300
1300330
2300203
34300
34303
100303
100300
2003302
40030
1030333
230323
1030330
40000
40003
230320
2003320
1300303
430330
2003323
1300300
230332
3202033
43003
43000
2003203
23020
3100
3103
2003200
23023
302203
302200
2233300
3301003
3310330
3301000
23032
3230200
3230203
2003230
3322300
3202030
300232
3130
3202003
3202000
3301030
2003233
3133
3310303
3310300
3301033
331330
23002
2300230
232303
320332
232300
343300
320320
2300233
320323
300340
300343
2320303
2320300
2032330
10033
31303
10030
31300
4303003
300322
4303000
300334
300331
3100033
300310
300304
2300032
10000
10003
300313
31333
31330
300301
4303030
3320302
300400
300403
333400
2203033
320230
320233
2203030
1303
3023320
1300
3023302
3320203
3320200
40330
40333
320203
2320330
230002
1330
320200
1333
2032303
2032300
3320230
4003300
4003303
203302
3301330
3330040
3403
3400
3033022
230032
2003032
40300
40303
3033010
3033013
3232030
320032
3000430
3000433
3232003
3033001
230023
230020
3232000
3033004
3330031
3330022
34000
2003020
203320
2003023
203323
34003
34030
2233003
2233000
3330010
3330013
1300033
3433
3330001
2203003
3430
2203000
320002
3330004
300433
300430
3000403
1003303
1003300
3000400
320023
100033
320020
34033
1300003
2300002
100030
1300000
3343
3340
232003
3331
2233030
232000
3334
322300
322303
1003330
2300023
232030
1003333
2300020
3322030
1300030
100003
100000
3023230
3301303
3301300
3000322
3322000
203332
2333020
3322003
3000334
232033
2003002
3000331
3033040
3100030
3000343
3100000
2333002
3000340
3100003
3033031
3023203
3023200
333100
3100330
333103
1330033
2302033
23302
3100333
3003004
3001300
3001303
3003001
2023330
23323
23320
1330030
2302030
3300430
1330000
400333
3303301
1330003
3034300
3100300
23332
400330
3100303
3303310
3043030
3001333
3001330
2203330
2023303
2023300
3043000
203230
3043003
400303
400300
3303400
2203300
2203303
31030
3223030
2032033
3300400
3300403
203200
203203
31033
333130
2302000
2302003
2032030
2032003
2032000
331003
3223000
3223003
331000
31000
203233
31003
3003133
333220
3032200
3003130
3032203
2230300
203032
2230303
3232300
3303202
3303220
2333200
203020
203023
3003103
3003100
4003330
3032230
2230330
333202
3133300
310333
310330
322000
333301
322003
3003040
3003043
333310
3003034
3032302
3403003
3403000
3320320
322030
310303
310300
3003031
3030001
3003022
3030004
322033
3003010
3030010
3003013
3030013
3230230
3001033
3003232
3303103
3001030
3043300
3303100
303001
3403030
3013003
3013000
303004
3032320
3331300
2302300
2302303
4033
303022
3003202
303010
303013
3003220
303034
3003223
3303040
3013033
2302330
13330
3013030
303031
13333
4000
1003003
4003
1003000
303043
303040
3230302
1033330
400033
4030
3001000
3001003
3230320
3340030
400030
433030
1033303
3303130
1033300
303100
303103
203002
3340003
400003
400000
3340000
34330
2032
304330
130000
433003
331033
433000
130003
331030
223003
223000
2020
2023
3003340
2002
23230
130033
3003331
223033
3343000
3310003
3310000
3433000
130030
23203
23200
223030
3003304
333040
3003310
3133030
220303
220300
3303031
3310030
3003301
3310033
3003322
2023033
333031
3303022
301003
301000
3303010
3003313
2023030
23233
3303013
3303001
304300
333010
304303
3303004
3133000
333013
3133003
220333
333022
220330
2023000
2023003
301033
333001
301030
333004
