4102020
44001
4000110
3
4000104
132201
4000101
44010
12
130101
210201
21
1301310
4000122
210204
24
1002201
130110
1301301
4000113
130104
1002204
30
132210
33
1002210
2013120
1002213
3321000
210222
42
210210
210213
1002222
1002231
210231
4000041
4000032
1400400
2013102
1002123
210240
1002120
1002132
2123001
4000011
102
122400
130113
4000014
130122
111
4000002
1033002
132102
130131
210300
210303
132120
1033011
114
1033020
123
4000023
3030300
4000020
120
130140
130221
1101003
1101000
4000230
141
2013030
130212
1231020
210312
132
2210400
210321
2230002
144
210330
130230
2230011
1313100
1101033
304020
2013000
2013003
132300
4000203
1101030
4000200
2013021
304002
4000212
130203
130200
2013012
304011
1033200
4000221
1301400
1231002
1002102
1033101
204
201
2004300
141000
141003
304101
222
1002012
130302
3123000
304110
213
1033110
1002003
210
1002000
321300
4000131
1002030
1002024
234
141030
210402
231
1002021
2210310
4000140
210420
1002042
4102002
1002033
243
240
2202000
1010100
412002
2400300
2202003
1010103
2202012
2043000
1301040
2004120
1330200
2004102
412020
1301031
3030120
113130
2230110
1313001
3030102
1040400
130320
1301022
3030111
312
1301010
2230101
202320
1301013
1301001
2202021
130311
1301004
2202030
113100
113103
1313010
300
202311
303
342
210012
202302
210000
210003
1301103
324
1301100
130401
321210
2410200
321
130410
1231200
333
330
321201
113040
2004210
1002420
1010133
2202102
1010130
210042
210033
210030
1002402
113031
210024
3030021
2004201
210021
3030030
2230020
321120
411
1240020
113022
1002330
414
1002321
402
3114000
113013
113010
1002312
2410002
113004
1240002
113001
2004030
441
2410020
210102
432
2004021
321102
1101303
1101300
2004012
2123010
1301130
2004003
3030210
420
423
2004000
210132
3030201
1010040
1010043
2230200
1110000
1110003
1010034
1301220
1010031
202401
2140200
1010022
1002240
210120
210123
202410
321030
1002303
1010013
2123100
1002300
141300
1010010
1301202
1010004
1010001
1010310
1010304
1331001
2020200
2020203
1010313
2210001
2210004
2020212
1010322
2210010
2202300
2210013
2020221
4110300
1010331
321021
1010340
3000111
2210022
140301
321012
2210031
3000102
3000123
202110
3000120
321003
3022101
321000
202104
113400
3000114
2210040
202101
3022110
3130200
140310
3000141
4300002
2020131
4300011
3000132
2020140
202011
113301
4300020
202014
113310
202002
3022200
140400
1010403
2020101
1010400
1431000
2020110
202023
202020
2020104
1101330
202041
2020113
202032
1331010
1010430
2020122
412200
420030
2020320
3000201
3000204
113220
420021
3031002
3000210
3000213
1010202
420012
420003
1041300
420000
202200
122103
3000222
122100
202203
313110
1010223
2202120
1010220
202212
2401200
2020302
3000231
3031020
3031011
1331100
202221
202230
3000240
1010232
313101
2020311
4031100
122031
202113
313200
122022
202122
2202210
202131
122040
1400040
202140
4031001
1400022
4031010
1400031
3000303
2020230
3000300
122013
1400004
2202201
1010301
122010
1400001
122004
1400013
1400010
122001
3000312
113202
313002
4101300
303111
1400103
1400100
313020
43200
1032300
4000320
122220
313011
4300200
4110030
303120
2012400
420102
122202
2210301
3302100
2132100
420120
2012310
2210202
420201
420210
2012301
3410100
1032210
303210
4110003
122130
4110000
303201
4000311
1400130
4000302
2210220
1041003
1041000
1321200
1032201
3130110
3022011
43101
3302001
2220030
3302010
3022002
2210130
3130101
2220021
2132010
2220012
2220003
2220000
1041030
2132001
131001
133110
131004
1400202
1321002
2020041
1422000
3410001
2020032
43110
1321020
1400220
122310
3410010
133101
122301
3000021
4000401
1020
303300
1023
133011
133020
3000030
2020023
1011
1400301
2020020
131031
1014
3000024
4000410
2020014
1400310
1002
131022
3000003
2020011
43020
3000000
131013
43011
3000012
2020002
133002
3130020
131010
2012220
420300
3130011
2210100
2401002
2210103
3130002
3000033
4300110
1224000
2012202
3022020
2401020
4300101
3000042
131040
1101
3320001
2003400
3320010
1003140
1323000
1113
1034010
3122100
1110
131130
1034001
1104
404100
1134
2012040
320400
4001031
1131
1122
1143000
1310004
4001040
1310001
1143
1140
1310013
1310010
131103
131100
1032
4101000
1310022
4101003
1003212
1003203
1003200
2012130
1310031
4001130
1003230
1041
1310040
1044
1003221
4101030
4001103
2012100
4001100
2012103
1302300
1034100
1221
1003014
1003011
320310
1003023
1003020
1230
1224
1232100
320301
1233
1310100
1310103
4001202
1242
1003032
140010
2003301
1003041
140013
131202
140001
2003310
140004
404001
140031
404010
140022
1310130
131220
4140000
2012004
131310
2003202
2012001
131301
2012013
2003211
2012010
2012022
2003220
2012031
1003101
1003104
1100001
1100004
1232010
1003110
1003113
4001220
1100010
1232001
1100013
3122001
1310202
1203
1200
1003122
1100022
1003131
3122010
1212
1100031
10044
2203101
10041
1003410
10032
1003401
1100040
140103
1100043
3100041
140100
10023
10020
1302120
3100032
1100034
2020410
1404
1302102
10014
1401
320130
10011
2122200
2020401
10002
201240
201222
140130
201231
2203110
3100122
2003100
2003103
10104
201330
1311
10110
1120020
1120023
3100113
1302
10101
201312
2203020
1314000
3100104
3113100
3100110
201321
1100100
2203011
1100103
3100101
140040
1120002
1341
201303
2003130
413001
201300
320202
1332
2003121
1320
320211
1024200
1323
1302021
3100140
2003112
1100130
1314
3100131
131400
320220
1100133
1120032
1302030
413010
320040
201402
2003031
413100
2003010
2003013
1120200
1120203
1430100
2003022
1024020
1011030
10134
320013
320010
311400
2042001
10131
10140
1100223
2203002
3330000
320004
10143
1100220
2042010
1011033
320001
1003320
320031
4212000
1003302
2003040
10113
1120230
1024002
320022
1003311
1100202
1302210
10122
4001022
10224
1302201
10230
1431
2042100
311310
1011000
4001013
1011003
10233
320100
311301
4001010
320103
320121
1410
4001004
2122020
1413
10212
4001001
1100232
114030
320112
1422
10221
140220
2122002
3113010
3100020
114000
3100023
114003
10200
4131000
2003004
10203
2003001
1440
3100002
140202
201420
3320100
3113001
3100011
3100014
1100331
1430001
3100320
4220100
1100322
1430010
1330020
1100340
312300
1330002
2021130
1100301
3100302
201003
201000
1330011
3021120
1100313
2211003
2211000
201012
2034000
1100304
1100310
201021
3100311
201030
201024
3021102
201033
2021220
1011330
3100410
1042200
201042
1100400
2211030
1100403
3100401
2402100
312210
2021202
312201
3240000
201102
3100203
3100200
4032000
121002
3021300
2021301
4230000
3100212
121023
121020
2021310
3100221
4220001
1011303
1240200
2203200
1011300
201132
201123
201120
1100430
4220010
2142000
1302012
1302000
1302003
3420000
1330110
312120
1330101
4100400
312102
3100230
121032
421020
3030003
3030000
3021201
201213
201210
3021210
201204
421002
114300
3030012
201201
4001301
304200
4001310
1042002
3312000
312000
312003
2011320
4100310
312012
4100301
312021
2011302
312030
1042020
1310220
421200
1003002
3131001
121200
121203
1223100
1310310
4040100
4001400
1310301
2211300
2034
130002
2021040
4100220
2040
130014
2043
130011
3021030
2021031
2402010
3411000
2022
2402001
1223010
2031
4100202
3021012
132030
2021013
3121200
2001
1223001
130032
2004
2021010
2010
3021021
2021022
132021
2013
130041
130023
130020
3131010
132012
4040010
2021004
121230
132003
4040001
3021000
2021001
1322100
3021003
132000
2011230
2011203
44100
4100130
2011200
1322010
121320
1322001
2021103
2021100
3303000
121302
3131100
4203000
4100103
4100100
1310400
2133000
403020
11001
2202
11004
1000023
143001
1000020
403011
1000011
2310021
1000014
1000002
33030
2310030
212400
2232
1222200
1000041
2223
1000044
2232000
143010
2220
2211
1000032
2214
220023
2310102
103002
220020
2420001
33111
2420010
33102
220002
220014
4104000
2241
1311000
220011
1311003
103032
2301
143100
1311030
403002
103023
103020
103011
33120
103014
2310120
2041200
120402
2301300
1000131
103041
1000134
1000143
1000140
33201
2103
4130100
2100
33210
103101
220041
120420
3010410
220032
3010401
2133
103122
2130
212310
2142
3010320
103131
120321
103104
212301
220140
2112
103110
2124
103113
120330
220131
2121
3010311
403101
2310012
2301210
1000113
403110
220122
2420100
2310003
220113
2301201
1000122
2310000
1000101
2030400
220110
220104
103140
220101
1000110
1000104
340020
212100
212103
410103
410100
11232
2100102
2100120
2100123
340002
340011
103212
2301120
212130
2030220
1000302
11202
103200
2030211
103203
2100132
1000314
103230
3010302
103221
243000
11220
1000311
11223
410040
1000200
2041002
1000203
2301102
2030310
1000221
2041020
410031
4130010
3010200
1000212
403200
3010203
410022
4130001
410010
2100204
410013
2100201
3010212
1000233
1000230
410001
323100
410004
212202
3010221
1000224
2100222
3010230
2030301
212220
2100213
2100210
1000242
103302
2304
2310
2030112
3010122
103311
3020301
2313
2301030
2030121
3010113
3010140
2322
1000401
3020310
3001401
1000404
2030130
2331
11130
1000410
1000413
11133
3010131
103320
2301000
212010
2100003
2100000
2301003
2340
1000422
3140100
212013
212001
1000431
2100012
212004
340110
2030103
2030100
2301021
212031
2100021
340101
1000440
2100024
11100
2301012
2100030
212022
11103
2200002
212040
11043
2100033
1000320
11040
1000323
1000332
2200011
2100042
2200014
340200
1000341
2200020
111030
2200023
2021400
2030202
111033
11013
204300
2200032
2400
11010
2403
2412
3001410
103401
11022
2200041
33003
33000
2421
11031
33012
103410
3010104
3020400
3010110
111000
33021
2430
111003
3010101
11034
3010032
41310
2200122
3020220
41301
2200113
3010041
3020211
410310
2200104
120042
3020202
3010020
3010023
2200110
10440
120033
2130210
2200101
3010002
120024
2030010
2130201
120030
332100
2030013
3010011
2030001
3010014
120021
102420
2030004
3002301
430011
20040
3140010
120012
20043
430002
120000
120003
102402
20034
3140001
20031
2030040
2130300
430020
20022
20010
2030031
3002310
4221000
20013
2030022
20001
41220
20004
204210
2022300
10431
10422
410301
2200140
10410
10413
2033100
10401
204201
10404
2200131
20214
10323
20211
204120
10320
20223
20220
3002130
10332
323010
3002121
10311
111303
2200230
111300
3002112
410202
204102
10314
2340000
20202
1120302
2200212
410220
2200221
2240010
10341
2022210
111330
2200203
3020040
2240001
2200200
2033010
2200311
3002202
2412000
2022201
10242
20130
410130
3020130
20133
2240100
2033001
2200302
20142
20112
3020112
20121
41400
20124
3020121
10302
3020103
3020100
3002220
323001
20100
20103
1120320
3002211
2022120
120300
120303
20331
41031
4041000
20322
1043100
120312
3002001
3000
3002004
3003
3002010
20340
41040
3002013
20301
204000
204003
3002022
2200320
204012
2403000
3002031
204021
1311300
20313
3002040
33300
20310
204030
2022102
20304
3020013
3020010
2130030
120231
3020004
3042
2130021
3020001
3020031
1222002
3020022
120240
41001
2022030
20232
120204
41004
3021
120201
2022021
3012
3002100
120222
3002103
3033
41022
2130012
2200410
2130003
20241
3024
41010
2130000
120213
41013
3030
2200401
120210
3132000
332010
2022003
2130102
2022000
332001
2022012
20421
120132
20430
1222020
41202
3311100
1043001
1043010
120102
41103
41100
20400
20403
3311001
20412
120120
120123
41130
2130120
3311010
410400
1122003
2014002
1122000
104022
4103001
104031
1312002
221040
104001
104004
1312020
221031
104010
142020
104013
1001013
221022
3310110
3312
2040210
1001010
2300310
221013
1440000
1001022
234000
3321
221010
3310101
3303
221004
4103010
2300301
3300
221001
1230030
1001004
104040
1230021
2040201
1001001
1122030
1001043
1230012
1300410
1001040
3310200
12021
3222
12024
2300400
1300401
1230003
12030
1230000
3231
3201
12000
12003
402000
3204
1001031
402003
1001034
402012
3210
3213
12012
2231010
2040300
402021
34101
2231001
402030
142002
34110
2014020
3240
2300211
2040120
2300220
1001103
1001100
1300320
3141
2040102
104130
2300202
2124000
1300311
211320
1001133
211302
1001130
1300302
402102
221130
43002
34200
402120
2014200
3102
1312200
211230
211203
211200
221103
221100
1221300
4103100
3203100
133200
3132
3123
1001202
3120
3114
1300230
104103
104100
3111
1001220
322110
1001223
1300203
1300200
322101
4120200
402201
12204
12201
1300221
12213
12210
341100
2101200
1001232
242010
2101203
12222
1300212
242001
2300040
2031300
411030
203400
2101230
2430000
104301
402210
1230300
104310
1122300
1300140
2300130
1300131
104202
2331000
1001301
1001304
104220
1001310
1300104
2040003
2040000
1001313
12231
1300110
1001322
402300
1230210
341010
2300100
1300101
2300103
2040012
12240
1001331
2300121
1300122
2040021
341001
1300113
2300112
2040030
1001340
203301
2031210
3000420
3402
2032200
2031201
211020
203310
112032
211023
2201031
3420
34011
2201040
1230201
104400
3411
2231100
211032
34002
1300032
12042
34020
112002
1300041
12033
322200
3000402
1001403
1001400
3000411
142200
112020
112023
1300002
2101002
2300001
411003
2300004
411000
2300010
3330
1300011
1230120
1300014
12132
2300013
2101020
2300022
1300023
2101023
1300020
2300031
1001430
4023000
2101032
2201004
2201001
3000321
3000330
12102
2201022
1230102
12120
12123
242100
211002
2201013
2201010
2031120
3001311
2201202
1130130
3001302
2032101
11403
11400
2032110
411300
1320300
2031102
42300
11430
3001320
2100420
1213020
1320201
2100402
203220
2031000
2031003
1130202
1213002
203211
3001230
112203
2201130
112200
3001221
1320210
3141000
203202
2140020
2032020
4120020
2031030
4120002
2131200
2032002
2140002
2031012
112230
2201103
2032011
2201100
1130220
2031021
1130013
203031
1130010
1130004
1130001
203010
2100330
203013
2100321
2023200
203022
2201310
11322
2100312
3001203
1130040
3001200
11313
3001212
2201301
1200120
1200123
11304
1130031
203040
1200102
112302
2100303
11310
342000
2100300
1130022
11301
3001104
1200021
3001110
3001113
203100
203103
1200024
1200030
1200003
11340
1200000
322002
112320
3001101
11331
1200012
322011
322020
203121
3001140
203130
1130103
1130100
2100240
3001122
1200033
3001131
2100231
1200042
203112
2201220
1320030
3001032
220230
1320021
42003
42000
1320012
2013201
1320000
1320003
2023101
2013210
1213200
3001041
42012
4032
1130400
42021
4041
2131020
42030
4002
4014
4011
4020
4023
4102200
2201400
134100
2131002
3001002
220200
3204000
2023110
220203
203004
220221
42102
2013300
3001020
203001
3001023
220212
3001011
3001014
42120
314100
1130301
220401
3310002
220410
3310011
1221030
3310020
2023020
2023011
220302
1130310
220311
42201
314001
220320
1221000
1221003
314010
1044000
42210
1320120
1320102
2023002
134001
333000
134010
101301
4401
22002
13140
4030200
2310300
4410
22011
101310
3012210
101304
22014
3103200
13122
2000034
3012201
1220040
13131
4113000
2000043
2000040
221400
2000022
1200312
2102040
2000031
2330100
1200303
2000004
1200300
2000001
2102022
2000013
2102031
2000010
2000112
2102130
2330010
2000121
2330001
2000124
1200330
2024001
2000103
2000100
1200321
2024010
13110
3012120
2102100
101331
2102103
4030110
13104
1220031
1220022
13113
4030101
101340
3103110
1220010
101313
1220013
1220001
101322
13101
1220004
3012102
2102202
3103101
221301
221310
1200132
1014030
1140030
13311
440010
2310201
13302
440001
4030020
101133
101130
3012300
3203010
2024100
1140000
1140003
13212
4030002
1200210
1200213
3203001
241020
101232
4030011
13200
13203
1200222
3103020
221220
2310210
1200201
1200204
101220
330300
3103011
101223
241002
1200240
3103002
221202
101202
2102220
13230
4004001
1200231
4004010
13221
4131
101031
2000301
101034
4140
2000310
2000304
101043
101040
2000313
4101
101004
4104
101001
4110
101013
4113
101010
4122
101022
3210300
1404000
233100
30402
1132200
4203
30411
101103
4004100
101100
4200
4212
30420
440100
4221
2000322
3220002
2000331
3220011
1014003
3220020
2000340
1014000
214002
13002
400410
30222
30210
30213
400401
13023
1200402
13020
13011
1410030
13014
30231
1200420
13032
2000142
1410000
3220200
1410003
30240
2000133
2000130
4230
13041
2000232
3220110
4320
3220101
2102013
30303
30300
2102010
2000241
2102004
2102001
2000202
4302
30312
4013001
233001
4013010
2000223
233010
30330
2000220
2000211
4311
30321
2000214
4200210
30132
2110320
2303001
30141
30114
4200201
30123
30120
30102
1132020
2110302
30111
3111300
1132002
401301
4320000
3211020
213120
2303010
401310
4022010
3004020
30201
4022001
30204
3212100
22401
3004011
22410
3004002
401400
213210
2110230
2303100
3042000
213201
4200300
30012
2000412
2000400
2000403
30003
30000
213030
401202
213012
213021
2000430
4012200
213003
213000
2000421
22302
1220400
1021023
1021020
1021002
213102
30042
22320
30033
401220
1021032
30024
3004101
30030
3004110
3211200
30021
22311
1123200
22212
330201
3004200
1030113
22221
1021320
1030122
22230
12402
1030131
1030140
2110020
2110023
1201032
401040
1220301
2101302
1030101
2110032
222201
401031
1030110
330210
1220310
1030104
12321
4200000
4200003
4200012
2101320
12330
2110002
4200021
330120
4200030
3402000
222102
401130
222120
1030023
1030020
12303
12300
1030032
3202101
22203
401103
12312
1030041
401100
22200
3202110
222021
4400001
1220202
4400010
222030
22110
213300
1030014
22104
2110203
2110200
1030011
22101
1021200
1030002
1220220
1021203
300021
1021230
22122
1123020
330102
300030
4200102
300024
22113
330111
1014300
100410
22140
4200120
300000
241200
300003
100413
432000
300012
100401
22131
100404
401022
100431
1220130
330003
330000
401013
330012
100422
2311020
22020
1201002
22023
401010
3202200
22041
401004
3211002
1123002
401001
100440
22032
1201020
1201023
3111030
1220100
1140300
4400100
1220103
3012000
3212010
3012003
3012012
12420
3212001
3012021
330021
222000
3111003
3111000
222003
4022100
2311002
330030
3012030
1113300
1021302
222012
1210032
14100
3011130
14103
240120
240102
1210020
1210023
1210002
110010
2320020
300033
110013
110001
14130
3011100
2103120
3011103
300042
110004
40140
430200
2320002
2320011
40131
40122
1201302
2103102
110040
110043
102330
300132
40113
102321
300141
110034
430110
40104
110031
40110
102312
2320101
110022
430101
2320110
40101
14202
102303
102300
240021
300102
240030
300111
240003
300114
240000
3002400
300120
300123
240012
1201320
300204
300201
1113030
300222
102240
2241000
4020300
232200
1201230
1131300
40032
14220
300213
1104300
300210
40041
40020
40023
102231
3011220
102210
3104001
102213
40002
3011202
40014
3104010
102222
40011
222210
102204
14301
102201
2223000
3011310
2103201
3202020
3104100
2103210
3011301
3202002
222300
3202011
1201203
1201200
300231
14310
1020420
1113000
300240
1113003
2311200
102123
102120
3221001
300321
3221010
1210302
300330
102132
232101
232110
300312
40410
300303
300300
40401
102102
300402
300411
2214000
3221100
102030
102024
102021
40320
1403001
3011400
1210320
102042
102033
2103012
2103021
40302
102003
102000
40311
2103030
2421000
1403010
102012
1104003
1104000
14004
14001
1131030
14013
1104030
300420
2103003
14010
2103000
1403100
232011
14022
40230
232002
14031
4122000
1210230
14040
232020
4014000
2320200
40203
40200
144000
1210200
40212
1210203
40221
1020123
21402
1020120
3003000
3210102
3003003
3201300
2302020
1020102
400320
21420
1020132
400302
214200
3210030
1020042
3210021
400311
1020033
1131003
3210012
1131000
2302002
3210000
3210003
2302011
331002
4013100
400230
3003120
3210210
3003111
2302200
3003102
21300
1020021
21303
1020024
3210201
400200
400203
1020030
400212
1020000
110340
1020003
400221
1020012
2302110
21330
2302101
21312
21321
400131
3003030
400140
110430
110400
110403
1410300
3003021
214020
3112200
3210120
3003012
21132
223110
400122
21120
21123
400113
3201030
324000
400110
400104
400101
110223
110220
13320
3003201
4401000
3003210
1202130
4021200
110232
1020402
2312100
1020300
110313
3201102
1020303
110304
110310
13410
21213
400041
331200
110331
2102301
1202100
1020312
21210
1202103
400032
21204
110322
21201
21231
223200
1020330
21222
240300
2102310
400023
3201120
400020
1020321
400011
400014
110301
21240
13401
400002
2222100
240201
1202031
1020231
21000
1202022
21003
431100
3213000
223002
1020240
110133
331020
21012
1202040
110130
240210
331011
21021
2312010
3112002
21024
223020
21030
2312001
21033
223011
21042
3011004
110103
1202013
110100
3201201
3011001
1202010
3112020
3201210
1202004
1202001
301023
301020
3011022
2102400
331101
3011010
301014
301011
3003300
3011013
431010
301002
101400
110202
101403
3011031
4021002
3011040
431001
21102
1020204
301041
1020201
223101
1020213
301032
1020210
101430
4021020
1020222
331110
3201000
3201003
301302
2321001
301311
3101031
200403
2321010
200400
4310010
4002000
3201021
4002003
4310001
4002012
3101040
1004400
3201012
1202202
200412
2104200
4002021
3101001
200421
1103310
3101004
4002030
1202220
1012002
1103301
200430
3101022
2222010
3101010
2222001
1012020
1012023
3101013
200322
3024000
2002023
200331
2002020
1012032
2002041
301221
200340
301230
2002032
1004301
3120201
301200
301203
231201
310002
301212
310014
1031202
231210
310011
1242000
2002011
3231000
2002014
1031220
1004310
2002002
1202301
3120210
1103202
1402200
1202310
3120300
1341000
2002101
1103220
2002110
2002104
3300012
24003
24000
200301
2321100
3101130
1031400
301140
3300000
24012
3300003
124200
200313
301131
3300030
24021
200304
3300021
301122
24030
200310
1031301
200202
301113
301110
231300
3101100
1031310
3101103
301104
200223
301101
200220
200214
200211
2002113
414000
3400200
200232
1202400
2002122
1012200
1012203
2002131
2002140
200241
1103130
1103100
1103103
231003
231000
2002230
3300120
1303011
2213100
2002221
3300102
2002212
3300111
1004130
1303020
2002203
2011002
231030
2002200
4002300
1303002
2121300
32310
32301
231012
310203
1103040
310200
1004103
231021
1004100
310212
2002302
310221
4011003
4011000
1103031
4002201
1402002
1103022
310230
1103013
1103010
3300210
1103004
1103001
1402020
2213010
2104020
2213001
4002210
1004040
3300201
2104002
4100022
32400
4100031
301410
231120
310020
310023
310041
4100004
4100001
4002120
310032
4100013
4100010
2002320
2002311
301401
3032001
3032010
2011032
1004220
4210200
2002401
310110
310104
3300300
310101
2002410
2011020
2011023
1004202
231102
124020
310122
4302000
301320
310113
4002102
310140
1233000
124002
4100040
310131
2204010
2010222
32040
2204001
2010210
2121030
2010213
3031110
4010130
1023003
1023000
3222000
2010231
32013
1023021
32010
1023012
32004
32001
2010201
32031
2010204
1023030
32022
1420020
32103
32100
32121
1420002
32112
3200400
4010202
2121003
1303200
2121000
2010123
2010120
4010220
3031101
1023102
2010132
4210020
1303110
4010010
4010013
1023120
4010001
4010004
1004004
2204100
32130
4010031
1004001
2010312
1004013
1004010
4010022
4010040
1004022
4210002
2010321
2010330
1004031
2112300
2010300
2010303
1023201
3031200
2010240
1023210
32202
3200301
32211
1303101
1134000
3200310
4010100
4010103
32220
302022
3200220
4020021
3014100
302031
1420200
1203000
1203003
4020030
3200211
4020000
4020003
3200202
4020012
2313000
302040
1032030
3101310
2221200
1032021
3101301
3040020
200133
224100
3040011
4010400
1032012
200130
200142
3040002
1012230
1032003
1032000
200112
3101202
200121
2010420
200124
3040110
224001
200103
200100
422100
224010
3040101
3200130
1012320
2010402
1023300
1203030
24120
3121020
302001
1203012
230400
3121002
3400101
302004
1012302
1203021
302010
302013
24102
3400110
3101220
4202001
1203120
4202010
3400020
3101400
2103300
200043
3400011
200040
3400002
200034
3014010
4020120
200031
1203102
4010301
3200112
3014001
200022
3200121
200013
3200103
3200100
14400
200010
200004
24300
200001
4020102
24210
3200022
1032120
3200031
4020210
3200001
3200004
4020201
1032102
24201
3200010
4010310
3200013
4202100
2112030
2112000
2112003
422001
1103400
3200040
3040200
422010
311004
311001
2221002
100200
2001003
2001000
100203
1040040
3230001
3102000
100212
3102003
2001012
3102012
3023001
441000
3230010
100221
2001021
2221020
3023010
1040004
1040001
1013100
311031
1013103
4301100
1040013
1040010
1203300
302220
4003002
1040022
311022
1102230
230202
1040031
311013
1030203
311010
1030200
302211
4003020
100134
1040100
230220
1030212
1203210
100131
1040103
100140
1401300
1013001
230211
100143
1212000
1030221
1203201
4003011
1212003
1013004
1013010
1102320
1212030
1030230
1013013
302310
1013022
1340100
123300
100101
302301
1013031
3102021
100110
2113002
3102030
100104
1013040
100113
3023100
2322000
4311000
100122
2113020
1102302
123210
302130
100332
3102120
2001132
100320
2001123
123201
100323
2001120
1030302
302112
230301
100341
1013202
302121
302100
230310
302103
100302
2001102
1013220
1030311
3301101
100314
3301110
3102102
100311
3230100
1030320
1013130
23022
2212200
302202
23010
3301002
23013
1102203
3102201
1102200
3301011
4410000
3301020
23031
2001033
100233
100230
2001030
2001024
100224
23001
1340001
3013200
23004
1340010
100242
2001042
1040310
2212020
1102002
3301200
123102
4012020
31320
31302
2212002
1030401
31311
4012002
4003200
1040301
1133100
1030410
1401003
1413000
123120
1401000
2120220
2001240
2001222
2120202
2001231
123030
2001204
2001201
2120310
2001213
1401030
2001210
123012
3110400
123021
2120301
2400201
1102032
230010
230013
311202
230001
230004
1304010
1102023
1102020
1304001
2400210
311220
2001402
2010012
2010000
2010003
4003101
230040
230022
3033000
230031
311130
123000
2010042
123003
2400000
2400003
2400012
2010033
2400021
100041
2010024
100044
2010030
4003110
100032
2400030
1212300
2010021
1040130
311040
230103
2400102
230100
100023
4301010
100020
2001330
100014
4301001
2001321
100011
2400120
100002
2001312
302400
230130
1040220
2010102
2001303
2001300
31410
2120400
230112
31401
1040202
230121
311103
311100
1022022
23301
1022031
23310
1022040
31101
31041
3032100
3110220
31014
2120004
31011
2120001
2120013
31023
31020
2001420
2120010
2120022
2120031
3110202
31032
23400
2120040
1022004
310410
1022001
1022013
1022010
31002
310401
3041001
31212
31203
31200
31230
31221
3041010
1304100
2120103
2120100
1022202
1133001
310320
2304000
3110310
31140
2120130
310311
4011030
1110330
1022103
1133010
1022100
31113
2220300
310302
31110
31104
1110303
3110301
1110300
31131
31122
1022130
3110001
2113200
3013020
3110004
3110010
3013011
1022301
3110013
303003
23040
303000
3102210
3013002
3401100
303021
4201200
303012
23103
23100
1022310
3041100
303030
2220210
1013301
1031031
23121
3102300
1013310
1204020
23130
1031013
1031010
1022220
1204002
2220201
1031022
23112
1031004
3013110
1031001
303102
3013101
1031100
1031103
3110130
423000
1022400
1204200
3120120
3401010
2220120
3110103
23220
3110100
23211
23202
3401001
1031040
2220102
3120102
3120030
4310100
3120021
3120012
3120003
3120000
1013400
1031130
4201020
1332000
3110040
1110033
4201002
3110031
1110030
4011300
3110022
