322000000
1
100320001
4
300012100
10
22000120
13
100320010
210202
400100200
22000102
20310010
111110011
22
22000111
111110002
31
20310001
23010100
34
210220
101201200
43
40
210211
130100110
13020010
13020001
130100101
40120000
201400000
130100200
310011001
103
100
311000110
100320100
22000021
311000101
400030000
22000030
210301
22000003
400100110
22000000
112
400100101
124
310120000
121
213010000
22000012
130100020
210310
20110000
20110003
142
20110012
130
133
32001001
32001010
210011200
130100002
100014001
13020100
140001100
100014010
130100011
211000000
211000003
310011010
211000012
211000021
111110101
111110110
211000030
1231000
30004000
202
141001
104001100
311000200
220
141010
223
214
211
201011200
210400
111110020
232
112201000
121012000
20110021
4102000
20110030
310011100
241
401001001
1010101
2202001
20110120
1010104
1010110
2202010
401020000
2004100
401001010
304
3030100
1301020
140001001
310
313
10410100
1301011
10100200
10100203
141100
10100212
20110111
1301002
10100221
20110102
140001010
301
210013
211000120
10410010
340
210010
10100101
1301110
210004
10410001
10100104
210001
10100110
10100113
1301101
20110201
322
211000111
10100122
11203000
331
40012000
211000102
10100131
120030100
1010131
2202100
210040
101201002
1010140
10100140
101201011
210031
1010113
210022
1010122
101201020
412
10100041
403
400
10100032
2410000
211000300
111004000
210103
210100
20110210
401001100
2004010
430
421
2004001
1110013
120030010
1010041
101201101
210130
400100002
1110010
1110004
120030001
1110001
1010032
400100011
20121001
400100020
23010010
210112
111300010
20121010
1010020
23010001
1010023
210121
101201110
111300001
211000210
1010014
10100011
1010011
1301200
114001000
10100014
410101000
20032000
10100002
1010002
211000201
10100020
20110300
10100023
100110220
1010311
2020201
101022100
113101000
100110211
210220000
2020210
1010320
112011001
100410001
110104000
3000103
100410010
3000100
3000121
3000112
4300000
100410100
111300100
10100401
10100410
3000130
111031000
100110301
20121100
100003102
100003111
2020102
1010401
2020111
1010410
100110310
100003120
40030000
2020120
111400000
3000202
20200201
3031000
100110100
420010
3000211
100110103
122110
1010200
1010203
20200210
10411000
420001
10100320
3000220
122101
1010221
101022001
123000001
2020300
100110112
1010212
100003300
123000010
100110121
10100311
101022010
100110130
10100302
1010230
100003210
122020
100003201
200113000
41000200
110220100
3000301
20200300
3000310
1010302
122011
100110202
10100230
122002
313000
100110013
10131010
21012100
20200120
420100
100110010
100110004
122200
100110001
210012100
100013110
20200111
100013101
13002010
32000110
20200102
32000101
13002001
20401000
100110040
104001010
32000020
110220010
104001001
32101000
41000101
33000010
32000011
100110031
201012100
110220001
32000002
100110022
123000100
13002100
41000110
33000001
10131001
1041010
302020000
22000300
1041001
21012010
22000201
100013200
210012010
21012001
100003030
300012001
2220010
22111000
100003021
300012010
2220001
32000200
22000210
100003012
112011100
41000020
1321000
41000011
33000100
41000002
3000022
2020030
311001010
31030000
1021
20200021
3000031
120211000
2020021
20200030
1012
20200003
1000
1003
2020012
3000004
20200000
1041100
3000001
3000013
311001001
3000010
2020003
2020000
20200012
10024000
100003000
100003003
10131100
201012001
112011010
201012010
3000040
321100000
1102
120000301
101200210
102202000
301000300
312001000
104000200
121011100
101200201
1114
1111
120000310
1132
4101100
112200100
1123
1120
210010300
1141
1033
4101001
1024
1030
13021000
1042
4101010
140000200
22001110
301000201
22001101
301000210
211001002
1222
20111101
1231
140000020
110010013
210010120
140000011
130101100
310010110
110010010
211001020
110010004
140000002
211001011
1240
110010001
310010101
110010031
140011
100013002
104000110
104000101
110010022
140002
100030210
120000400
100013020
110010040
100013011
140020
121011001
104000011
121011010
210010201
22001011
2003200
112200010
104000002
22001020
310010020
112200001
20111020
104000020
22001002
20111011
20111002
130101010
100030300
140000110
1201
1204
130101001
310010011
1210
101200300
140000101
32002000
210010210
110010103
110010100
310010002
1213
20111200
110010130
120000040
11010004
11010001
110010112
140101
100030120
11010013
140110
11010010
110010121
200300011
1302100
11010022
120000031
211001110
100030102
112001020
410100100
1402
11010031
112001011
101401000
200300002
114000100
310010200
100030111
120000022
120000010
112001002
120000013
30112000
120000001
131011000
100002310
120000004
200300020
11010040
211001101
2003101
1011130
114000010
120000121
211001200
220000201
114000001
110010202
1011121
100030201
1303
120000112
1300
1011112
230100010
120000100
120000103
220000210
230100001
100002400
20014000
103120000
20111110
1011103
1011100
203100010
110203000
1330
203100001
401002000
1321
110010211
2003110
1312
110010220
220000003
220000000
410100010
100030012
410100001
100030000
100030003
220000012
300400000
2003011
1011040
220000021
2003020
220000030
1011031
110010301
101200102
400101001
110103100
120031000
2203000
101200111
210400000
120000130
300120100
1011013
1024000
1011010
1011022
100321000
101200120
400101010
203100100
101200000
400101100
101200003
1011001
101200012
1011004
1411
101200021
101200030
110010310
1420
220000102
20120011
120000211
120000220
20120002
220000111
2003002
121111000
12120100
100030030
230100100
140200
100030021
220000120
120000202
20120020
23011000
300121000
1011400
101130010
101130001
100220200
11110210
112000201
10130200
221110000
20120101
100002103
100002100
112000210
140200000
20120110
100002121
110103010
131110000
100002112
100012300
200220010
200300200
200220001
302100100
100002130
12121000
11110201
110120200
101130100
210120010
2021200
110103001
210120001
112000102
100411000
112000111
121003
121000
121012
20120200
210120100
121021
112000120
100002202
100002211
1011301
100002220
1011310
200300101
1302010
200300110
1302001
11110300
1011202
101023000
1011211
1011220
312100
112000003
112000000
121030
122020000
112000012
21011200
3030001
200220100
302100001
112000021
3030010
421000
112000030
20013100
100002301
302100010
120210100
301000021
1042000
301000030
100012120
301000003
100012102
301000000
100012111
121120
301000012
312001
110120020
20201200
210011011
100303000
121111
210011020
312010
121102
11110000
11110003
110120002
110221000
11110012
110120011
400300000
20201110
121210
100220020
210011110
121201
21011110
13001002
10130020
100220002
13001011
13001020
100220011
20201101
10023100
32001100
112010200
10130011
21011101
33001000
10130002
303010000
210011101
42001000
2032
220300000
2041
10023010
11110111
10130101
201013000
2020
2023
112010020
11110102
13001200
10130110
4100200
13300000
2002
112010002
11110120
2021011
21011011
21011020
2011
2021020
121010200
112010011
2014
310030000
10023001
22001200
2021002
100002001
112010101
2021110
11110030
100002004
100002010
112010110
100002013
11110021
210011002
110120110
21011002
112000300
110120101
2021101
20201020
13001101
301000120
120210010
121300
311000020
100002040
100012210
120210001
20201011
100012201
301000111
300013000
100220110
4100101
100002022
311000011
20201002
13001110
301000102
4100110
311000002
100220101
100002031
2200
121010011
2203
121010002
30220000
12000301
120120010
40010020
12000310
120120001
330010000
40010002
110310010
201100300
40010011
2230
200041000
110310001
22002010
2221
22002001
121010020
2212
2310100
103000
103003
40010101
40010110
300102100
33100
21301000
2302
103030
104020000
403000
103021
103012
110310100
100123000
120400
212002000
202030000
130300000
130003000
2101
103102
2104
2110
12000400
111112000
103120
132001000
2131
2140
10113100
22002100
2113
10210000
103111
10210003
10210012
103012000
2122
121010101
10210021
40010200
300102001
2310010
10210030
121010110
102201001
300102010
2310001
102201010
101020210
200110102
212101
200110111
2100100
2100103
212110
110102101
2100121
2100112
100031101
110102110
122110000
101020201
103210
10210111
2100130
103201
10210102
220020010
220020001
200110120
20030020
100031011
20030011
110102020
20030002
100031020
102201100
10210120
2100202
100001410
200110201
212200
2100220
100031002
2100211
103300
200130010
2311
200130001
10210201
100031200
20030200
2320
111002101
220020100
200110210
30111100
101040100
100001401
111002110
212011
12031000
2100001
240001000
2100004
212002
2100010
140110000
12211000
101203000
2100013
10210210
101020300
2100022
2100031
212020
111002020
2200000
2200003
30111010
200301010
200110300
100001320
2100040
101311000
2200012
301300000
2200021
11310001
200301001
11310010
2200030
2401
120120100
20030101
10210300
100031110
20030110
31012000
33001
2410
201031000
110102200
33010
100001302
101040010
111002002
30111001
111002011
100001311
101040001
200200111
2200120
200301100
111002200
11032000
200200102
21010210
120040
100001230
2200111
240000100
200200120
100001221
2200102
22020010
320200000
120031
22020001
120022
21010201
120010
120013
20041
402010000
10300300
120001
102400
20032
120004
20023
20020
21010300
20011
200130100
20014
20002
101020000
100200400
101020003
100001212
101020012
100001203
100001200
101020021
240000001
101020030
240000010
100001104
200111020
20212
110102011
10300210
102010030
230010010
100001110
100001113
20221
110102002
200111011
102010021
230010001
10300201
20203
100001101
20200
100200220
2200210
100001140
411000010
11111200
411000001
100200211
100001122
203010010
102010012
300120001
200111002
100200202
100001131
102010000
102010003
2200201
300120010
203010001
101020111
201101002
3002200
100001041
130021000
100200310
101020102
102010111
20131
201101020
101020120
211210000
200111101
100200301
102010102
2200300
201101011
100001032
20140
12001000
200200000
20113
200200003
12001003
20122
230010100
200200012
20101
12001021
200200021
20104
12001012
200200030
20110
100200100
100200103
120301
301001101
20320
3002002
301001110
3004
12001030
100200112
3001
141000100
3002011
100200121
120310
304000000
20302
100001002
3002020
201101110
11111101
100001020
100001023
20311
100001011
102010120
2022100
202012000
201101101
100001014
12001111
3040
21010030
11111110
411000100
102010210
21010021
12001102
100200130
21010012
10300111
120202
3022
3010
10300102
20230
21010000
21010003
3013
102010201
10114000
301001200
3002101
2130010
120220
12001120
10300120
3002110
2130001
3031
120211
130210000
301021000
21010102
102010300
201101200
21010111
2130100
2022001
2022010
120130
21210010
12001210
301001002
21210001
121300000
12001201
301001020
420100000
301001011
120100
100200040
120103
10300003
11111002
10300000
21210100
10300012
20401
10300021
120112
10300030
20410
120121
100200010
100200013
103102000
100200001
100200004
11111020
100200031
222010000
141000010
141000001
100200022
21010120
11111011
31011100
111111100
104020
104002
22003000
104011
200004100
40011100
210100201
110101300
20000401
3301
21300010
20000410
120121000
3310
21300001
210100210
21040000
3220
210100111
1230010
110311000
210100102
1230001
102130000
3202
210100120
402001
3211
402010
103300000
142000
40011010
10211020
300103000
20000302
103011001
10211011
310012000
21300100
112120000
20000311
10010401
10010410
211300
212110000
31100200
1300300
402100
3100
3103
102200011
102200002
211201
111111010
211210
102200020
210100000
3130
210100003
212001010
101004100
3121
401000200
20311000
210100012
20000320
111111001
104110
10211002
3112
103011010
210100021
212001001
104101
210100030
110101000
110101003
100000420
1300201
20031010
110101021
2101201
110101012
132000100
1300210
2101210
100032010
10010302
100032001
20031001
20122000
110101030
100000402
111210010
102200101
103011100
30110101
100000411
111210001
201030100
30110110
200111200
102200110
2101120
31100101
212001100
20031100
100032100
10010320
31100110
104200
10211101
101004010
401000110
211102
111210100
111003001
101004001
30110200
200111110
401000101
10010311
110101102
101202100
1300111
210030010
101021200
210030001
211111
1300102
12030100
1300120
132000010
10211110
110101111
211120
132000001
211012
110101120
101202010
100000300
100000303
3400
10010131
101202001
10010140
211021
11031100
100000312
201030001
102200200
30110011
211030
10010113
201030010
30110002
34000
40011001
10010122
401000020
2101102
111003010
221200000
3000400
11311000
401000002
2101111
401000011
31011001
2101000
1300003
12030001
31011010
2101003
1300000
10010200
12030010
10010203
1300012
110101201
2101021
1300021
10211200
1300030
2101012
110101210
31100011
10010230
100000330
2201002
31100002
30110020
2101030
200302000
100000321
1230100
2201020
111003100
10010212
211003
211000
2201011
31100020
10010221
101021002
2201200
11310100
3001300
10010020
10010023
100000132
10010041
13003000
123001000
101021020
101021011
100000141
10010032
101220100
120103000
10010011
403000000
10010014
10010002
100000210
100000213
2100400
1130200
100000222
1213000
10010110
11031001
10010104
10010101
100000201
100000204
100000240
2201110
11031010
4120000
201310000
100000231
2032000
2201101
100000030
100000024
200112100
1130011
100000021
1130002
30130000
100000012
100000000
100000003
141100000
201100000
130020001
1200112
3001201
201100003
201100012
1200121
3001210
2100310
130020010
1200100
201100021
1200103
100000042
2100301
201100030
1130020
100000033
121200100
1200022
3001111
1200031
401110000
1200001
121200010
1200004
1200010
112012000
121200001
3001102
1200013
100000123
100000120
1130110
200112001
100000114
101021101
10301200
200112010
1130101
3001120
101021110
100000111
210030100
113100010
1200040
113100001
100000102
20400001
21211000
201100120
3001030
20400010
420010000
201100111
1320010
20000131
20000140
1320001
130020100
201100102
12000121
12000112
110023000
103101100
12000103
12000100
113100100
202120000
12000031
20000212
4000
4003
400210000
4012
12000022
20000221
301020100
10301101
12000013
4021
10301110
12000010
20000200
12000004
4030
20000203
12000001
2131000
20310100
3001000
3001003
20400100
202011001
210013000
20000230
3001021
12000040
3001012
11112100
12000211
120013000
200004001
20000020
20000023
200004010
12000220
20000014
400012000
101220010
20000011
11112001
202011010
12000202
11112010
101220001
20000002
10132000
10301002
10301020
20140000
301002100
20000041
3310000
24100000
111110200
20000032
10301011
202011100
103101010
301002001
100014100
12000130
34000000
301002010
103101001
20000122
201100210
301020001
301020010
20000113
2023000
1320100
20000104
20000110
220120000
201100201
20000101
22000
112030000
22003
101302
210000040
101311
22012
1140100
120111010
330100000
11030110
2000032
2000041
31010020
11030101
2000020
210000013
2000023
31010011
31101010
10003021
210000010
1200310
210000004
31010002
120111001
210000001
10003012
240010000
1200301
210000031
2102020
210202000
2000002
11130100
31101001
210000022
2000014
2000011
130001200
10003030
103010200
2000113
2000122
11030020
210000103
120003100
120111100
210000100
11130010
210000121
10003003
2000101
101302000
10003000
210000112
11130001
2000104
2000110
2102101
10111300
200032000
2102110
1220020
113020000
1220011
430000000
101320
1220002
2102200
1114000
10020400
1200130
132100000
110200021
101140
110200030
10212100
110200000
110200003
101131
1140010
101003002
110200012
1140001
101122
210031000
10003111
4030000
1200211
1014100
1200220
31101100
10003120
101230
1200202
101221
241000
221200
101212
103010101
101203
101200
103010110
22030000
10003102
11030200
10111030
101003101
210000310
2000302
11013010
101032
210000301
11013001
10111012
10212001
2000311
103010011
101041
10212010
10111021
10003300
103010002
321001000
4102
103010020
30000100
10111000
20001400
32020000
10111003
4111
101002
30000103
30000121
101014
101011
4120
30000112
101020
101023
101003110
30000013
110200111
30000010
20001301
110200102
30000004
220003000
20001310
10111102
4201
30000001
122101000
101101
30000031
101003020
101104
4210
110200120
101110
30000022
101113
101003011
3220000
202110001
2000320
30000040
130001020
202110010
130001011
200003200
130001002
11013100
10003210
1014001
31010200
1014010
10003201
202010200
300100012
300100000
300100003
20320000
30202000
110200300
101003200
300100030
1200400
300100021
2000140
10111120
2000131
24001000
210000130
10111111
12100021
130001110
202200010
200003110
12100030
202110100
2000230
202200001
31010101
10111210
12100003
2102011
12100000
10111201
12100012
31010110
320011000
130001101
2102002
210000211
4300
2000203
2000200
121021000
110200201
210000220
110200210
2000221
210000202
200003101
2000212
11113000
11100010
20001121
100202011
103100011
30030001
11100013
20001130
11100001
100202002
30030010
300100120
103100002
11100004
110040010
202010101
300100102
200003020
11100031
103100020
202010110
200003011
110040001
300100111
41100100
11100022
10302001
10020013
12100201
10020010
10302010
10020004
20001100
10020001
20001103
21111100
10020031
120020101
100202020
10020022
20001112
104110000
120020110
12100210
102120001
10020040
12100111
202010020
310201000
102120010
12100102
110022100
12100120
101002300
12010300
120020200
10042000
3004000
300100210
20001031
200003002
100202110
100202101
202010002
400011001
20001040
13111000
202010011
300100201
11100130
2000410
2000401
12100300
120020020
10302100
210000400
120020011
120020002
11012101
103100101
11100100
11100103
103100110
11012110
102120100
20001220
301110100
11100112
201210010
11100121
201210001
311010001
101111020
22300
311010010
101111011
11012200
100202200
231000001
20001211
300100300
231000010
20001202
201210100
110022001
100114000
110022010
11100040
101111002
12010111
200202001
22210
101111101
12010102
1030120
200202010
301110001
111211000
40201000
3111100
301110010
410020000
201103000
1113100
1201030
2101300
1030102
1030111
311010100
112102000
4200001
10020310
113001001
1201120
4200010
103100200
12010030
10020301
113001010
102012100
12010021
11004100
222100
1201102
12010012
200202100
223000000
1030021
12010003
12010000
1030030
101111110
1201111
22201
11030002
20001022
10020112
20001010
1220200
11030011
20001013
10020121
20001001
1030012
10020103
10020100
400011010
22111
120110110
20001004
12010210
22102
101111200
1030000
1030003
120110101
41100001
300022
330100
300211000
22120
120003010
300031
41100010
4200100
12010201
300004
100411
300001
10020130
100402
300013
30030100
300010
330001
22030
400011100
21111001
100420
3111010
22021
330010
1201000
1201003
3211000
1201012
120003001
1123000
1201021
301003000
1220101
10020211
113001100
1220110
10020220
11004001
21111010
222001
3111001
120110200
102012001
222010
10020202
11004010
12010120
102012010
222100000
200200300
200031010
210001120
10004002
10004011
31102000
240100
10004020
12310000
22012000
300040
210001102
12210010
2320000
210001111
200031001
12210001
300040000
120110020
1201300
300130
40120
120110011
210201001
2103100
120110002
101110300
40111
102310
200031100
40102
210201010
102301
210001030
200200201
300100
300103
300112
240001
220110100
240010
200200210
300121
210001003
210001000
300202
300220
210001021
203010100
300211
210001012
40021
10004110
302000101
10004101
40030
302000110
102211
40000
40003
40012
102220
100130011
310111000
10004200
302000002
100130002
102202
302000011
302000020
12210100
1113010
1201210
300300100
1201201
12011002
1113001
100130020
30001030
130002001
200002210
102121
101002003
321000001
101002000
130002010
101002012
102112
220030000
321000010
10112110
102130
10112101
300310
20212000
122100010
122100001
210310000
101002021
100130101
120400000
100130110
300301
101002030
200002201
14020000
102100
102103
300400
30001102
30001111
300300001
200002300
300300010
30001120
211102000
210001300
102031
101002102
10112020
102022
101002111
10213000
102040
10112011
10112002
122100100
2103010
300101101
40300
110040100
300101110
102001
100130200
102004
101002120
200002111
102010
101301100
200140000
200002102
102013
12101020
11014000
12101011
12101002
10112200
110021200
2103001
220110010
101002201
210001210
220110001
12101110
210001201
13101100
12101101
101301010
30001000
30001003
200002120
130002100
202201000
300101002
40201
321000100
40210
300101011
30001021
101301001
101002210
30001012
300101020
21400
30000310
300101200
3003001
3210100
201211000
20002111
100201030
13110001
20002102
13110010
30000301
400120000
101001220
110021110
110041000
110021101
100113100
200002000
10303000
200002003
110021011
110021020
200002012
211012000
12101200
202200100
110021002
20002120
100201012
2302000
30031000
102121000
3210010
100201021
3210001
101001301
13102000
200002021
101001310
331000
100201000
200002030
100201003
20002210
320101000
11200300
100113010
340000000
102011200
101110003
100113001
101001400
101110000
101110012
100201210
3003100
21301
100201201
10113001
21310
10113010
30000130
20002201
100201111
100201102
20002300
30000220
311011000
120310000
30000211
30000202
3003010
201102100
100201120
21130
102011101
21121
400010200
101110120
101320000
200110021
100201300
200110030
101110111
203011000
101110102
102011110
12011011
211120000
12011020
113002000
1112110
201102001
201102010
1112101
102011011
12011110
1202101
21211
102011020
1202110
21202
200201020
200110003
200110000
11200210
21220
200110012
12011101
200201011
101110030
301111000
11200201
130120000
200201002
101110021
120004000
21001
1202020
21004
230011000
223000
21010
21013
21112000
21022
400010110
200201200
11200021
3112000
21031
102011002
11200030
13110100
400010101
101110210
21040
200400100
11200003
1202011
11200000
30000400
11200012
1202002
12400000
200201110
301021
400010011
41101000
11200120
400010002
301012
101110201
20002021
301003
301000
11200102
200400001
200201101
101401
200400010
210201100
11200111
20002030
20002003
101410
20002000
21103
21100
1112200
20002012
13210000
301030
101032000
21112
11221000
400010020
12011200
20021020
212020000
10321000
301300
200030200
20021011
30200200
110202100
20021002
1202200
200001400
1012012
220001110
1012000
1012003
310110001
12012001
220001101
1012030
12012010
310110010
1012021
201040000
110003110
2002030
1112011
1112002
2002021
302001100
211300000
1112020
301201
200030101
30310000
20021110
200030110
301210
1031200
120001210
200001301
110202001
2002012
20021101
120001201
2002000
2002003
110003101
110202010
200001310
103210000
1012102
101230000
120001102
1012111
230101000
2002102
21200110
120001111
2002111
21200101
1012120
310110100
40001002
131010010
24001
310000111
11201011
120001120
140010010
3300010
110003020
400102000
110003011
24010
131010001
310000102
11201020
3300001
140010001
30200101
310000120
40001020
200030020
40001011
301120
201120100
30200110
11201002
203101000
20021200
200030011
220001200
120001030
310000012
310000003
200030002
301111
310000000
140010100
301102
201120010
310000030
300010300
110003002
20104000
201120001
310000021
302001010
210200020
2002120
130102000
1012201
21200020
102030100
210200002
21200011
1012210
210200011
21200002
302001001
30002002
101300011
121110010
211011100
30002011
101300002
41010100
121110001
3300100
112300000
200001121
300010210
101300020
2002210
200001130
2002201
110020120
211101100
300010201
200001112
21200200
101001202
12102100
30002020
110020102
200001103
101001211
200001100
110020111
30200011
110020210
21021100
2002300
20211100
101001103
101001100
30200002
4011001
1402000
102030001
100204000
102030010
30200020
110020201
101001112
200001040
13100101
101001121
100012021
100231000
100012030
101001130
13100110
100012003
311101000
100012000
200001031
300010120
2104000
100012012
300010111
4100020
13100200
300010102
101001031
220001002
12102010
220001011
100311010
4100002
12102001
101001040
20211010
220001020
4100011
300301000
101300101
204000100
101300110
100311001
22101100
21021001
11011003
11011000
21021010
200001220
11011021
204000010
200001211
120001300
211101001
11011012
204000001
200001202
101300200
22101001
300010030
22101010
11011030
211101010
300010021
101001004
30002110
101001001
41010001
300010012
20211001
30002101
300010000
300010003
41010010
110020300
101001022
101001013
101001010
411010000
11010100
11010103
201010021
22102000
110121100
201010030
14200000
100310110
101113000
101140000
11002120
100310101
101000401
101000410
201010000
100042000
201010003
201010012
11002201
100310020
30001201
1420000
30001210
4010200
11010130
10022002
2121001
100011202
10022011
100011211
200230000
101000320
11002210
100011220
11010112
320100001
2121010
11010121
20003200
320100010
100011040
101000311
10040020
4010011
211011001
11010220
101000302
10040011
121110100
4010002
10022020
10040002
122010100
11010211
110020012
201010120
1111300
200001001
110121001
11002300
100112011
100011022
11010202
112100200
200001004
100011010
4010020
110020000
100112002
110020003
100011013
110020030
200001022
110020021
200001010
110121010
100112020
100011031
200001013
100011112
11010301
10022110
112100110
100112110
2121100
112100101
100112101
13101010
14110000
10022101
201010111
20003110
100011130
13101001
201010102
100011121
101000230
101000221
20003101
101000212
211011010
100011103
101000200
101000203
4010110
100011100
122010010
4010101
100310200
110401000
30001300
122010001
302020
120001021
11220010
1203001
11220001
120001012
120001003
120001000
1111210
221010100
1111201
40001110
310000210
11010310
210200110
302101000
11201101
20003020
20003011
210200101
120200101
1032010
120200110
310000201
3040000
100011400
40001101
11201110
10022200
1032001
11010400
20003002
10040101
20020300
220000300
112100020
10040110
112100002
302002
1203010
1012300
131010100
100112200
302011
112100011
24100
210200200
1111102
11002012
100011310
11002003
11002000
100011301
110002300
11002030
11220100
1203100
11002021
12012100
241000000
110002201
12120010
10040200
12120001
320100100
40001200
120200020
310000300
120200011
100213000
1032100
11201200
120200002
1111120
121210000
210121000
302000200
14002000
221010001
11002111
1111111
110002210
221010010
11002102
200000302
220002100
110201002
100201
2001001
111301000
100204
2001004
100110400
2001010
100210
110201020
100213
2001013
120002200
200000311
2001022
1111003
110201011
1111000
100222
1111012
1013101
1111021
110004100
21130000
1111030
1013110
10110400
102040000
1030201
100132
213000010
1030210
213000001
100141
1013002
1141000
331000000
12013000
1013011
1013020
100102
20020021
11131000
310001002
100111
20020030
200000320
310001020
130000300
100114
204001000
20020003
20020000
20020012
100123
100120
310001011
2001130
100330
130000210
110004001
100321
302002000
2001121
110004010
1030300
320010100
14000200
130000201
1401100
10110310
1013200
302101
213000100
10320010
2001100
100303
2001103
100300
10110301
10320001
20020210
302110
2001112
200000401
20020201
100312
120002110
200000410
120002101
23020
20020120
11202010
302200
310001101
23011
10320100
11202001
3301000
310001110
20020111
30201100
20020102
200311000
100231
2001031
120200200
320010001
23002
10110220
320010010
2001040
10110211
100240
211100110
22100101
100230010
201010201
110400100
100203001
100230001
211100101
22100110
2212000
311100001
200000041
200000032
10110202
311100010
4012000
20210110
101000110
1401001
100011001
101000104
30003001
130000111
100011004
101000101
20210101
200000023
200000020
130000102
102031000
130000120
200000011
200000014
2001220
101000122
200000002
1401010
201010210
101000113
2120200
130000012
101000140
200000122
10110112
2001202
101000131
200000113
130000003
2001211
10110121
130000000
130000030
200000110
200000104
10110130
200000101
30003010
130000021
211010110
201010300
201121000
110400001
211010101
22100200
110400010
30201001
10110100
10110103
30201010
300011200
2001400
30003100
202111000
21022000
110201110
100230100
2400001
22100011
211100002
10110031
22100002
211100011
10110022
2400010
200000131
211100020
10110040
100042
300011011
100033
22100020
110201101
300011020
200000140
311100100
101000002
100030
110201200
41011000
20210002
100310011
100024
2400100
101000011
100021
20210011
100310002
101000014
211010200
300011110
410002000
100012
10110013
200000230
101000023
10110010
101000020
231000100
110140000
10110004
100003
100000
10110001
2001310
11012002
101000032
200000212
101000041
300011101
11012011
200000221
2001301
20210020
220002010
11012020
12103000
200000203
220002001
31210000
200000200
100010221
40000300
100004002
100010212
100004011
100004020
201011002
11003200
100010230
200203000
30002200
101112001
100010203
100010200
101112010
111030100
100041001
2120002
11011120
2120011
122011000
2120020
100041010
11011111
3110200
11011102
100010122
201011020
231001000
1110400
201011011
100010113
220201000
300011002
100010140
100010131
111130000
211010020
201011110
32100001
32100010
104002000
100010101
20230000
11011300
4011100
100010110
133000000
100010104
100111102
100203100
13100020
2120110
10041010
10021111
2120101
24000010
211010002
13100002
201011101
20004100
24000001
20210200
211010011
10021102
10041001
13100011
4011010
10021012
100111012
141010000
100203010
100010020
100010023
100111021
10021021
1110310
31120000
110122000
100010032
100111030
100010041
24000100
10021000
10021003
211100200
100041100
310200001
100010002
10021030
1110301
11011201
100010011
310200010
11011210
100111003
100010014
100111000
3110002
10041100
102013000
20004001
112101010
310200100
3110011
310001200
20004010
100111210
11202100
10021210
303001
300210001
112101001
300210010
10021201
100111201
40000030
303010
14001100
23101
40000021
11003002
1110211
140011000
40000012
40000003
40000000
1110220
32100100
40000120
22201000
40200100
1110202
10021120
120201100
100010410
40000111
23110
120002020
1031011
1204000
1031020
100010401
40000102
120002002
120002011
1031002
100111120
112101100
303100
100111111
14001001
111030001
1031101
111030010
1110130
110003200
1110121
1110112
14001010
11003101
40200001
3110110
100010320
11003110
40200010
1110100
3110101
1110103
100004110
100010311
100111300
100004101
23200
11003011
101112100
11003020
100010302
221011000
100004200
120201010
1110040
40000210
23020000
10021300
4201000
1110031
201130000
1031110
300210100
3110020
1110022
120201001
40000201
10200112
4000111
10030012
201021001
210020020
10200121
111040000
4000102
301101001
10030003
10030000
11000041
130102
4000120
10200100
301101010
100211002
10200103
210020011
1002202
130111
11000032
111101200
210020002
201021010
1002211
101014000
220010200
11000020
1002220
11000023
11000011
102300001
11000014
420000100
102001030
11000002
102300010
1002112
1002121
2013100
420000010
1002130
330001000
102001120
420000001
114010000
100211020
4000012
4000003
100211011
200120020
130120
4000000
102001111
1033000
132100
4000030
10200130
102001102
10030030
200120011
20041000
10030021
200120002
120202000
4000021
100211110
1101001
1101004
220010110
220010101
310021000
130210
1101022
2230000
102300100
1101010
1101013
110112001
2013001
10200220
10200211
20301100
20102200
1101031
110112010
4000201
400201000
10200202
304000
14000110
301030000
4000210
130201
1101040
100211101
1002100
2013010
1002103
14000101
102102001
102001012
110112100
14000020
123100000
10200310
102102010
102001021
10200301
1002013
130300
1002010
14000011
102001003
220010020
1002004
102001000
1002001
14000002
1002031
220010011
1002022
220010002
201021100
130201000
1002040
412000
11000302
21001120
112003000
220200100
300020020
11104000
1101121
13011001
300020011
11210200
1101130
300020002
11000311
200120200
113110
21001102
21001111
230000110
113101
230000101
202300
111101020
111101011
230000020
30400000
20301010
11000230
111101002
20301001
21001201
230000011
21001210
230000002
11000203
11000200
13011010
100021300
1101112
11000221
10200400
1002400
1101103
201004000
11000212
1101100
113020
200120101
21001003
21001000
113011
200120110
21001021
1240000
113002
21001012
1002310
210020101
11000131
111101110
1101310
210020110
11302000
1101301
321100
11000140
311200000
300020101
11210110
111101101
100402000
300020110
11210101
13011100
21020200
11000101
1101211
11000110
210020200
11000104
1101202
11000113
11210011
300020200
11210002
11000122
140100100
1002301
220200001
220200010
11210020
21001030
1101220
111012001
111012010
2210002
21020101
2210011
21020110
2210020
321010
202111
100022110
321001
202102
1101400
100022101
21000400
410001010
101410000
410001001
202012
202000
202003
11320000
202030
100022020
131001010
202021
140100010
131001001
131020000
140100001
11000401
21000220
21000211
11000410
21000202
202201
201003010
110000101
202210
110000110
230000200
110000104
103111000
21020020
21020011
13200001
110000113
21020002
112002100
110000122
13200010
110000002
12022000
202120
110000011
110000014
11000320
110000020
13200100
110000023
4110100
100022200
110000032
1400020
110000041
21000310
21000301
1400002
312010000
201003100
1400011
113200
410001100
40003000
102101002
1400110
1400101
102101020
20103100
100211200
301201000
102101011
102001300
210111001
210111010
121120000
204010000
210211000
310020100
113110000
310003000
2210200
130030000
301100200
102101101
4110001
4110010
4000300
210111100
40020100
102101110
30012100
100022002
104010001
200104000
104010010
100022011
3022000
211030000
213001000
131002
10201003
10201000
1400200
102001201
10201021
301100110
111012100
102001210
10201012
301100101
20103010
131001100
10201030
131020
30012001
102101200
40020001
40020010
30012010
133000
131011
104010100
2210110
210004000
3130000
2210101
2401000
2012200
20103001
110111200
11001013
101210110
11001010
131110
11001022
10031101
101210101
22200001
11001004
22200010
11001001
1310002
1310011
131101
401010001
1003210
102002101
100212001
1310020
10420000
102002110
401010010
1003201
100212010
102301000
20040010
10031011
200014000
10031020
101210020
20040001
11001040
2012110
110111110
20101300
201020002
301100011
101210011
2012101
4001101
20300200
201020011
301100002
101210002
111100201
10031002
4001110
201020020
111100210
11001031
301100020
400200100
1003012
20101210
20300110
20101201
1003021
20300101
1003030
202020100
1310110
110111101
400200001
1310101
4001200
400200010
102002020
102002011
102103000
102002002
401010100
131200
20040100
111100300
201020110
110111020
2012002
201020101
40110100
110212000
110111011
2012011
20410000
2012020
130200001
21220000
20101120
1003102
130200010
1100002
1003111
100212100
1100011
1100014
1003120
1310200
1100020
110111002
1100023
40002100
10042
114100
11301010
10033
10030
11301001
1100041
10024
100100032
10021
103021000
1100032
300021100
100100041
10012
1120120
11001220
112002010
111100021
202020010
20300020
202020001
10000
111100030
10003
112002001
20300002
21002200
111100000
111100003
201220
1120111
201020200
20300011
11103100
111100012
1120102
13012000
100020310
1120030
1100122
3100120
10111
1120021
1100113
10102
1120012
1100104
3100111
1100110
100020301
1100101
1120000
3100102
1120003
11103001
100100020
201301
300021010
100100023
11103010
320200
201310
100100002
11001301
11301100
1100140
1100131
100100011
300021001
11001310
100100014
121002100
111100120
1120210
201400
11001130
11001121
221101000
111100111
21002101
1120201
111100102
21002110
10132
11001103
11001100
1100212
320011
11041000
10141
1100221
100020400
320002
110320000
1003300
10114
11001112
320020
1100203
10120
1100200
10123
21002020
4001020
10231
320110
100311100
4001011
320101
10210
11001211
4001002
1100230
10213
11001202
10222
121002001
2122000
114001
3100021
420001000
10201
121002010
10204
3100030
114010
22200100
3100000
3100003
21002002
3100012
21002011
10000210
100021030
10000213
131002000
1100320
100312000
10000222
32010100
104200000
13201000
10000201
140101000
10000204
1330000
10000240
300004000
3100300
1100302
201001
100021003
201004
111200200
100021000
121003000
201010
100021012
10000231
201013
2211001
100021021
201022
221100100
1100311
104011000
201031
3021100
2211010
100021102
10000132
32110000
201040
1100410
100021111
10000141
1100401
111013000
32010001
32010010
112001200
111200110
21001300
201100
201103
111200101
3100201
112001101
302011000
201112
3100210
10000330
410000110
112001110
10000321
410000101
201130
11001400
111120010
201121
100021120
111120001
111120100
111200011
10000312
111200002
410000020
10000303
100021210
10000300
410000011
201211
100021201
201202
410000002
111200020
12112000
130200100
102102100
102310000
10030300
40002001
40002010
410000200
31300000
20102101
2011300
20102110
10030210
10402000
1003003
1003000
110211100
210112000
300112000
310002001
20102020
310002010
40111000
10200001
130000
10200004
130003
130012
310002100
10200010
2211100
10200013
20102011
10200022
20102002
10200031
3021010
10000111
10200040
10000102
40021000
10000120
130021
301200001
30013000
10000123
132010
10030201
130030
301200010
10000114
3021001
132001
10000012
10000003
10000000
301200100
10000030
2011201
102002200
10030111
10000024
2011210
10000021
10030102
202300000
10030120
10000042
10000033
21310000
114100000
20100100
11002
20100103
1000024
10230010
1000030
110110003
110110000
113000020
10230001
110110012
1000021
31020001
20100112
1000012
113000011
31020010
1000003
1000000
20100121
113000002
20100130
1000042
1000033
1311100
300022000
220021
12300010
220030
12300001
210022000
101211001
220003
220000
220012
1311001
101031001
1311010
1121020
101031010
20100202
1121011
20100211
1121002
110110021
112020100
20100220
110110030
11040010
200401000
12040000
11040001
110110120
1000132
1000141
320020000
110110111
101211010
211201000
110110102
101031100
102210001
200122000
102210010
110110201
20100301
112020001
21003001
112020010
20100310
101100004
220120
1000114
101100001
11040100
101100013
200013010
1000120
101100010
1000123
101100022
200013001
220111
1000102
113000101
101100031
1000111
220102
101211100
113000110
10202200
110032000
410110
121001002
11102101
222001000
100400110
11102110
200013100
410101
100400101
230002000
340000
121001020
110001400
121001011
20100400
1000303
11212
1000300
11200
11203
400020100
1000312
11230
3010300
11221
21003010
1121200
1000204
113000200
2041000
1000201
100140001
2301100
100140010
1000222
421000000
1000213
3010201
1000210
22120000
410020
3010210
410011
100400011
21003100
43000000
11102200
1000231
11140
410002
100400002
110001301
221100010
110001310
100400020
221100001
1000240
10122100
11104
100101001
3010120
11110
100101004
11113
11122
1000402
400020010
100101022
111103000
11131
111103
100101010
111100
1000411
10000420
100101013
400020001
10000411
2301001
111040
11102011
1000420
10000402
121001101
110001220
11102002
100101031
2030101
10230100
121001110
2030110
100101040
2301010
11101
111010
32200000
1000321
111013
11041
1121101
111022
1000330
111031
110001211
1121110
121001200
2030200
202021000
11102020
110001202
100101100
10122001
11014
103020010
100101103
11011
103020001
11020
10122010
11023
12300100
3010111
100101112
111001
111004
3010102
11032
203001100
3020200
10001302
100100131
3010021
10001311
100100140
110002120
10401100
3010030
20131000
2030011
3010003
101100301
3010000
100100113
2030002
21201001
111220
100100122
10001320
3010012
100100101
111211
21201010
430000
111202
100100110
101100310
100100104
111130
100100212
111121
100100221
111220000
111112
2030020
100100203
220111000
100100200
101100400
210002200
110002102
23100010
10420
110002111
23100001
103020100
10411
200102200
20022100
111201100
10001401
10402
120040000
110002012
40300000
10321
21201100
110002000
10330
110002003
111301
301012000
204100
410200
1120300
111310
10312
100131100
110230000
110002030
10001212
11101210
11101201
100100230
110002021
10001203
10001200
23100100
310300000
10001230
10001221
10141000
10240
111010021
203200000
100100320
11101300
410110000
111010030
111010003
111010000
212100010
212100001
10300
100100311
10303
111010012
3020101
100100302
3020110
210002002
110110210
313000000
10001041
210002011
120112000
111010111
100100401
211200100
111010102
100100410
100131001
10203010
10001032
100024000
204001
200102002
22011100
200102011
204010
210002020
202100110
101100040
110302000
202100101
10001104
3020011
10001110
101012020
10203100
101210200
30120100
10001113
3020002
101012002
201300010
1222000
202100200
3020020
110110300
101100130
101012011
201300001
10001101
111010120
100131010
41002
101100121
10001140
111400
102210100
101100112
211200010
10001122
30103000
41020
41011
211200001
10001131
101100103
22011010
101100100
40110010
200102110
111010210
202100020
101100211
200102101
101100220
22011001
40110001
202100002
103003000
101012200
202100011
20101030
300111001
101100202
10401001
30120001
300111010
20101021
30120010
203001010
20101012
20101003
20101000
203001001
402001000
41200
220012000
10401010
111010201
111201001
20022001
20101111
20022010
41101
20101102
100330000
41110
200102020
111201010
111010300
11023000
210002110
10001020
10001023
210002101
10203001
10001011
10001014
201300100
10001002
101012110
300111100
101012101
210301000
1122001
101212000
2014000
330000100
1122010
1312000
100040020
100040011
121000300
100040002
221020
1001014
220011010
1001011
1001020
1001023
221011
100210120
10201300
101030011
221002
312100000
1001002
101030002
1001041
100210111
12022
100210102
12031
12001
21110011
12004
240100000
1001032
21110002
12010
12013
10123000
113200000
121000210
330000001
10231000
330000010
31021000
12202000
310020010
121000201
310020001
220011100
101101000
102000103
101101003
102000100
1001113
200012020
1001110
21004000
210021100
1001104
30102100
200012002
101101021
1001101
102000112
101030101
102211000
10201210
110031010
101030110
101101012
200012011
102000121
2040100
2300200
10201201
100210030
100210003
100210000
201022000
110000401
1001140
101101030
110031001
110000410
112021000
1001131
1001122
43000
221110
101030020
10201120
200121001
110031100
102000040
200121010
221101
102000004
1001212
102000001
10201102
1001200
102000013
131101000
300130000
1001203
102000010
100040101
102000022
210021010
13010200
102000031
100040110
10201111
1001221
110000302
21110200
1001230
12202
120021010
12211
13120000
12220
110000311
11101120
200012110
121000000
100141000
121000003
121000012
200012101
100102012
121000021
411010
130012000
121000030
100102000
212100100
100102003
13010110
13010101
1001302
111102100
1001311
230001001
101030200
2040001
42100000
2300110
411100
2040010
120021100
1001320
110000320
11101111
2300101
100401100
11101102
200121100
230001010
33100000
11101012
11101021
13010020
11410000
100102102
100102111
11101003
11101000
222000010
12040
110000131
112012
13010002
112000
110000140
222000001
112003
100102120
13010011
21110020
11101030
112030
1001401
112021
2300002
100401001
112111
121000111
110000230
411001
100102021
12130
2300011
222000100
112102
1001410
100102030
200012200
121000102
230001100
121000120
112120
2300020
100401010
11120200
21110101
110000203
110000200
12100
21110110
12103
12121
10001410
111102001
110000212
20302000
12112
1122100
400021000
110000221
111102010
11410
10140100
110001040
10400020
23101000
10400011
11401
110001031
11100400
10400002
100101220
410200000
31003000
100101211
11120011
300110200
100101202
10002400
2031100
11120002
20130010
120220000
20130001
11120020
300110101
112210
110001112
11120110
2031001
300110110
10002310
11120101
110001100
110001103
103110010
102000400
21202000
112201
103110001
202003000
203200
203000110
11100301
301011100
203000101
2031010
2140000
110001130
10400110
121020001
100101130
100101121
121020010
110001121
10400101
11100310
100023100
212101000
203011
100140100
203020
11320
10140010
10140001
112300
301011010
111011020
11311
111011011
11302
10002301
131000002
100101301
111011002
301011001
131000011
120022000
203101
11100202
100101310
203000200
11100211
322000
100400200
131000020
121020100
10400200
10002202
11100220
110001013
10002211
110001010
110001022
303100000
10002220
12220000
200310010
203110
22010200
103110100
110001004
200310001
110001001
102000220
10002130
102000211
402000010
22010020
42001
10002121
102000202
30102001
123010000
42010
402000001
10002112
30102010
41200000
22010002
210003001
10202101
210110200
101013010
10202110
22010011
131000110
101101120
101013001
131000101
201301000
111011110
101101111
210110101
200103001
22010101
200310100
10202002
100023010
210110110
100132000
22010110
10202011
101013100
102000130
210003010
101101102
100040200
220201
10002100
10002103
100023001
42100
10202020
100420000
203002
100101400
402000100
111011101
200103010
220210
10002001
30121000
203000020
10002004
10002010
1221100
210003100
101101300
300110020
10002013
203000002
4111000
203000011
131000200
401101000
210110020
20023000
10002040
200103100
111202000
10002022
100210300
20100040
10002031
20130100
31020100
20100022
220300
20100031
20100001
20100004
100210201
20100010
204100000
20100013
100210210
101101210
124000000
102000310
210110011
220011001
1221001
111011200
210110002
101101201
1221010
300110011
102000301
300110002
10120000
220100110
100103101
210100300
303000001
10120003
10120012
303000010
220100101
10120021
13120
200210002
200210011
10120030
110100220
10220002
200210020
10220011
221001100
130011010
110100211
110100202
10220020
20010400
100301200
110100121
110100112
200011210
200011201
110100103
110100100
13111
121030000
220100200
130011100
100103110
13102
110100130
3012100
200011030
221001001
200011012
200011021
221001010
110100040
302200000
20010310
110030200
13300
120011002
110030101
21101002
13210
110030110
13201
200011102
21101020
30211000
20010301
14011000
100103011
100103020
130011001
21103000
21101011
200011120
10120111
3103000
110100022
11020300
100103002
10120102
121100020
100301110
110100031
200210110
121100011
110100001
10120120
100301101
110100004
200011111
200100400
121100002
200210101
110100010
12003100
110100013
10012120
101102002
101102011
110030020
100301002
111001201
120102100
20010211
10012111
100301011
100301020
12201100
111001210
20010220
112110100
10012102
201202000
120011011
211021000
120011020
30101002
20010202
131100010
30101011
30101020
131100001
12003010
100033000
103000111
111001120
30400
121100101
120011110
12003001
30101101
121100110
103000102
200210200
103000120
102112000
30101110
300000400
400003000
20010130
111001102
300030001
101102020
111001111
200011003
20010112
200011000
31110001
110030011
20010121
300030010
110100400
31110010
120011101
110030002
214000
121201000
13003
13000
30220
20010103
30211
110100301
103000300
20010100
110100310
21120001
131100100
13021
21120010
30022000
13012
121100200
1410001
10012021
23001010
12201010
10012030
1410010
13030
10012003
23001001
10012000
120102010
12201001
102020200
111001300
10012012
120102001
103030000
20010040
201111100
30301
20010031
311002000
102020101
31110100
102020110
20010022
300030100
20010010
20010013
20010001
103000201
120011200
30310
300000301
20010004
21120100
103000210
300000310
30101200
301010200
23000101
30130
11021002
102021100
101010121
23000110
101010112
11021020
201111001
41020000
30112
101010130
11021011
30121
30100
30103
1021111
200100040
101041000
2110300
201111010
220021000
1132000
11230000
20011000
1021102
20011003
200100010
21121000
300001210
200100013
401100010
30202
200100001
401100001
300001201
200100004
1021120
200100031
200100022
211110100
102021001
10012300
23200000
110300101
2110210
212000200
311001100
110300110
101010100
101010103
102021010
21031000
30013
30010
112110001
30004
10104100
30001
112110010
101102110
300001120
101010004
101010001
401200
111001030
101102101
101010013
101010010
212000020
101010022
213010
300001111
23000200
101010031
230020000
212000002
200410000
101010040
212000011
213001
300001102
1021021
10012201
110300020
1021012
1021003
400002100
10012210
1021000
212000101
110300011
200131000
110300002
122000200
213100
212000110
30040
103001011
131200000
111001021
103001020
111001012
101102200
111001003
211110001
300001030
111001000
30031
211110010
103001002
30022
1021030
300001000
122000011
21101110
300001003
122000002
210101110
132010000
100102300
210101101
12400
300001021
30300100
21101101
300001012
10311100
122000020
2110021
202002100
200100310
11121010
2110030
11121001
200100301
201220000
31002010
100122100
31002001
101010400
232000000
11021200
100122010
2110003
2110000
301010011
10220200
100122001
301010002
2110012
101010310
31002100
30210100
401110
110013001
122000110
210101020
301010020
122000101
210101011
12301
210101002
12310
10104001
110013010
401101
10104010
320110000
220100020
200011300
200100211
110013100
200100220
31201000
220100002
1021210
2110201
220100011
1021201
11121100
200100202
210101200
101010301
21101200
10220110
301010101
30300001
10220101
30300010
100102201
301010110
401020
202002010
100102210
2110120
30040000
202002001
24010000
101010202
10311010
130010200
401011
200100130
402100000
401002
303000100
200100112
3012001
11021110
200100121
202102000
3012010
101010211
401100100
10311001
200100103
2110111
200100100
2311000
11021101
1021300
101010220
2110102
14110
10330000
200010202
14101
1210021
3011110
130010101
130010110
1210030
110011
10121002
303001000
1210003
1210000
110014
110002
3011101
1210012
200010211
30100300
10121020
10121011
200010220
12002200
10221001
130010020
1210102
221000110
200010130
110041
111020020
221000101
1210111
110032
111020002
100104100
200010112
122200000
111020011
110020
10221010
110023
200010121
14200
111000400
22020100
130010002
130010011
100302100
10121101
110410000
12002110
10121110
120012010
12002101
221000002
102220000
221000011
100121110
200010100
31001200
200010103
100121101
100104010
221000020
3011200
100104001
200010013
200010010
120101200
100121200
200010004
31001110
200010001
12200200
214000000
31001101
300220000
3202000
311110000
200010040
203020000
10310200
21102001
200010031
10121200
211020100
21102010
200010022
210010000
120101002
210010003
101103100
10011031
200022100
111000100
201110200
111000103
10011013
40102000
300031000
111000121
120101020
31111000
10011010
120101011
10011022
111000112
1210300
103001101
120012100
100302010
103001110
10011040
100302001
210010030
30100012
211020001
400002001
10011100
400002010
30100000
30100003
211020010
10011103
30100030
103001200
12002020
101103010
30100021
210010102
101103001
12002002
120101101
10011121
10011130
111000130
210010111
12002011
12200110
411001000
120101110
12200101
10011112
23000020
1411000
12200020
30100201
12200002
212010010
30100210
23000002
212010001
12200011
12301000
23000011
1131010
1210120
1104001
1104010
111000202
111000211
14002
111000220
201110020
14011
10240000
1104100
14020
232000
111000301
1210210
111000310
30100102
201110110
10011001
10011004
201110101
30100111
110300200
1210201
212010100
1131100
30100120
1020121
10011301
102020002
200101030
113010010
201000400
10204000
1020112
102020011
113010001
10011310
102020020
400001200
101011102
1020103
1020100
202101100
210300010
31200010
101011111
200101000
200101003
210300001
31200001
101011120
1410100
11022001
200101012
300000130
11022010
1020130
200101021
202101001
400300
212011000
200101102
10103200
31200100
200101111
101310010
1020040
110301100
202101010
101310001
300000211
1131001
300000220
201110002
203002000
201110011
300000202
300202000
210300100
103002010
103002001
211111000
300000040
300000031
10103110
1020022
110301010
201000310
300000022
400201
1020031
101011000
201000301
1020001
300000013
101011003
1020004
400210
300000010
200023000
300000004
1020010
1020013
110301001
300000001
300000121
111000022
101011021
201000220
201000211
300000112
111000031
101011012
231100000
201000202
111000004
111000001
210102010
101011030
111000013
300000103
210102001
300000100
10103101
111000010
400001101
113010100
10011211
112111000
10011202
103002100
110401
101310100
202001200
110410
10011220
400001110
111000040
200101300
400120
310210000
201000130
2111020
2111011
122001100
202001110
10103020
400111
14100100
200040100
202001101
400102
10103011
110221
10103002
110212
100121002
10120210
2111002
10310110
100121011
10120201
110230
10310101
1020400
100121020
3201100
1020301
11122000
200010400
31001002
110311
2111101
110014000
10120300
31001011
110320
31001020
1020310
210102100
400030
201000103
201000100
21102100
10310020
400021
201000112
110302
400012
400003
400000
201000121
201000013
110113
201000010
201000004
201000001
12001300
11022100
110122
101011210
201000031
10310002
110131
101011201
110140
201000022
142000000
10221100
10310011
202001011
122001001
2111110
201000040
200010310
202001020
10011400
110101
103200100
14100010
3011002
110110
202001002
200101120
14100001
122001010
110104
3011020
2111200
3011011
103200001
200010301
221000200
110200
22021000
110203
103200010
4021000
200101210
1020202
100103200
200101201
200040010
1020211
200040001
1020220
101011300
210040000
401200000
3201001
210130000
200401
4002001
41002000
200410
3201010
4002010
1211002
3101002
42000001
120100201
300310000
31000102
42000010
31000111
3101020
3101011
31000120
120100210
121102000
100120102
42000100
101131000
120100111
200320
100120111
120100102
120100120
100120120
310000
310003
310012
13000120
13000102
100222000
13000111
1103200
31000201
13000030
100120300
120100300
1211110
13000021
410010100
13000012
212200000
31000210
13000000
13000003
111021001
200302
1211101
111021010
101121100
200311
200203
11300002
200200
3101101
11300011
3101110
11300020
200221
200212
31000300
1103110
100120201
10222000
410010010
1211020
1211011
200230
410010001
200212000
100120210
231010000
1103101
201200110
231001
201200101
400110001
11300200
10102300
320000200
400110010
310101100
20012110
2011003
2011000
40101010
1303000
20012101
412000000
110211001
102110200
231010
1211200
1004110
310201
40101001
102003001
1004101
301120000
102003010
310210
200021200
1103020
102110110
110211010
102110101
21400000
40101100
1103011
310101010
1103002
201200011
201200002
11300110
10014001
11300101
201200020
10014010
310101001
11212000
102110020
200021002
310030
10032010
2011102
310021
10032001
102003100
200021020
200021011
101104000
141001000
2011120
400001002
2011111
400001020
320000110
120300010
110010400
120300001
400001011
320000101
230110000
30020020
2011030
320000020
200221000
20012200
310111
30020002
2011012
320000011
401011000
10014100
11401000
310102
2011021
1004200
30020011
320000002
231100
120100021
310120
200021101
120100030
4002100
10032100
120100003
124000
120100000
102110002
102110011
40210000
200021110
120100012
110011300
22210000
2010220
400000120
2010211
320001001
12020101
400000102
102400000
320001010
1023001
12020110
400000111
202210000
140002000
120300100
30020200
32011
210103000
32002
1023010
2010202
300201100
10031110
10102030
32020
200320000
10102021
110210200
30020110
200022001
32110
202000210
30020101
200022010
32101
202000201
201001300
10031200
10102120
400000021
10102111
2010121
400000030
10102102
2010112
1023100
400000000
400000003
400000012
300003100
12020200
2010130
32011000
20013010
12111100
130111000
300201010
400110100
10102201
104100010
110210110
30010012
110210101
104100001
20013001
30010003
201200200
300201001
30010000
30010030
1004002
302110000
2010310
12020020
30010021
400000210
1004011
4210000
400000201
1004020
12020011
113011000
202000300
12020002
310102000
12111010
2010301
12111001
110011210
110011201
32200
30010111
10102210
103201000
30010102
211002001
211002010
20220100
4020001
111020101
3200200
111020110
4020010
101122000
30010120
110011030
100020211
201001012
104100100
20112100
100020220
201001021
111310000
110011012
200131
201001003
200140
110011021
201001000
100020202
110011120
200113
110130100
20112001
122002000
100020112
3101200
30010201
400000300
200122
14101000
20112010
100020121
100020103
201001030
100020100
110011111
200101
200104
200110
2010400
211002100
20203000
110011102
3121000
30010210
100020130
100120030
13000300
202000003
202000000
202000012
33010000
201001111
302010001
100020040
2112100
202000021
201001102
200041
202000030
302010010
100120003
3400000
100120000
200032
30010300
110130010
200020
110130001
200023
111121000
3200101
200014
20220010
200011
3200110
100240000
300003010
201001120
4020100
200002
20220001
110011000
110011003
3200020
300003001
3200002
10102000
10102003
10102012
220102000
3200011
100020031
13000201
201001210
31000030
202000102
100020022
31000021
201001201
202000111
2112001
111020200
100020013
302010100
31000012
100020010
202000120
100020004
13000210
31000000
31000003
2112010
100020001
311002
21000022
22110001
200211100
121101001
2221000
22110010
21000031
21000001
121101010
20011300
21000004
3102001
21013000
21000010
21000013
3102010
21100021
1040002
1102210
21100030
1040011
311020
4003000
1040020
21100003
11211010
230200
21100000
21100012
21000040
311011
100300102
410011000
1040101
100221001
1212010
100300111
1212001
1040110
100221010
100300120
30210001
221002000
2113000
41001001
11211100
30210010
41001010
101120200
1102300
1102120
312000100
14010100
40100200
20202100
111022000
201003001
21000130
200020300
100300201
200211001
22110100
110113000
101120020
100221100
1102111
101120011
100300210
1102102
3102100
101120002
41001100
1102201
101120110
200211010
101120101
14010010
40100101
1212100
312000001
21000121
40100110
14010001
312000010
21000112
20202001
321010000
140020000
21000103
21000100
20202010
1102000
1102003
110210011
1102012
310100020
110210002
300001300
123100
120010210
31300
11400100
310100011
310100002
10033000
200020201
20011012
42010000
120010201
20011021
20011030
200020210
110210020
20011111
200020111
10013002
40100020
200020102
23002000
200020120
123010
40100011
10013020
20011120
10013011
40100002
230011
230002
311200
102004000
201201100
10101301
400111000
23110000
1102021
20011102
10101310
1102030
120010120
101221000
2010010
311110
2010013
120010111
12004000
2010001
301102000
2010004
120010102
230020
22300000
102111001
230200000
123001
2010040
101400100
10013101
102111010
30021010
10013110
310100101
2010031
30021001
310100110
301210000
2010022
201201001
11140000
230101
230110
11211001
120010030
30021100
10101400
310100200
201201010
320001100
120301000
100300030
200020003
200020000
20011210
2010103
2010100
200020012
100300021
20011201
120010003
120010000
121101100
1040200
200020021
100300012
11400010
102111100
200020030
100300003
11400001
100300000
311101
1022020
102100210
10101112
102100201
300002110
10101103
300002101
10101100
31102
21030100
301101100
10013200
213100000
30011002
112210000
31012
10101040
103000012
103000003
103000000
31021
102022000
13030000
130110100
300200101
31030
103000030
10101031
300200110
103000021
10101010
10101013
102100120
10101022
102100111
101400010
1022002
120130000
102100102
101400001
10101001
31000
10101004
320002000
31003
1022011
31210
12110002
21030010
12110011
31201
21030001
10101220
411100000
30011101
12130000
210210010
30011110
10101211
10101202
300200020
210210001
1022200
300200011
300200002
300002200
12021100
102100021
30011011
12021010
30011020
102100030
110012200
41110000
1022110
201112000
102100000
102100003
102100012
1022101
12021001
130110001
11020021
11020030
310300
130110010
31111
20012020
21100300
12110020
23001100
20012011
10101130
11020003
120010300
11020000
221020000
10101121
104101000
11020012
20012002
31120
220101100
3013000
30011200
201002110
201002101
110012110
111021100
10312000
12110110
100300300
12110101
110012101
11020111
201002011
30301000
11020102
201002002
21100201
12110200
11020120
210210100
21100210
220101001
101121001
101121010
220210000
201002020
220101010
110012020
201002200
110131000
311020000
110012002
110012011
203110000
21100111
11020201
102100300
211003000
21100102
21100120
11020210
2220100
3120100
3120010
300002020
20221000
3120001
300002002
300200200
300002011
20113000
