22001
20100101
11000
2201
101300
2
11003
1000031
10120001
10030010
110110001
121010000
4000100
22010
20100110
11
110110010
1000022
10120010
10030001
14
1000010
130100
200210000
22000100
210200
20021000
10200101
100211000
20
23
1000013
1002200
1000001
111110000
210020000
113000000
1211000
1000004
10200110
2000021
40010000
32
1012010
3101000
10220000
31000100
210000011
11000030
1012001
31010000
10003010
2000030
41
11000021
210000002
1000040
110100200
11000012
2000000
2000003
210000020
2000012
11000000
2210
11000003
103001
100120100
210000110
2000120
210000101
1112000
120100100
110100110
2000102
10003001
220001
220010
2000111
110100101
4000010
2300
101
310001
110
4000001
20100200
104
310010
1121000
13000100
22000001
2002010
102001100
113
103010
2002001
1220000
22000010
13100
200120000
122
1101002
20110001
140
1012100
131
120001100
20110010
1000130
2002100
13000010
200011010
130100000
1101020
1101011
13000001
40001000
211000001
2102
200300
310000100
110110100
103100
2111
211000010
110200001
10200200
1002110
101003000
110200010
1002101
11201000
101120
102001010
310000010
120011000
21101000
200
200201
11300000
203
310000001
200030000
200011100
221
301100
10210001
1002011
110003000
1200200
212
102001001
200210
14000000
2120
1002002
10210010
101210
1000112
110100020
101100002
1002020
230
101201
101100011
1000121
10120100
100103000
220010000
1000100
1000103
101100020
210200000
110100002
10003100
21200000
220100
110100011
121100000
101030
30002000
101102000
121001000
11000300
1010102
200110100
2100110
101300000
2000300
2100101
100301000
1010111
10111010
10012100
300020000
103010000
200001110
11210
4100
2011001
30000110
311
1000301
11201
21001100
10111001
20010200
101000
10210100
10100201
30000101
30101000
101003
101012
101001200
1301000
110020100
10100210
101021
20110100
200001101
1000310
302
10100102
30000011
210011
1000202
30200000
20030000
110200100
101001101
101102
30000002
10100111
210002
103000100
10111100
1000220
101001110
111101000
101111
320
10100120
30000020
211000100
1000211
230000000
1101110
11000201
1103000
2100200
410000
101201000
111001100
100400000
201200000
130001000
100012001
200011001
100012010
210020
1101101
100031000
11000210
110030000
1010120
410
100101002
20010110
13001
300100010
200021000
11111
21001001
300100001
2011100
20010101
300010100
401
220001000
1000400
11120
113000
4100000
100101020
100101011
13010
111101
21001010
2100002
400001000
210101
2100011
10000400
212000
210110
11102000
11011001
10012001
2100020
10012010
11102
2200001
111011
11000102
400100000
1110011
200001200
2200010
11000111
1101200
11011010
111020
1110002
1010030
2011010
12100001
30020000
310100
1010021
11000120
12100010
2102000
110001200
320000000
20010020
11210000
11012
100101101
20010011
1010012
2000201
300010010
10100012
101001002
300010001
11021
10100000
10100003
20010002
1010003
1010000
101001020
11030
120100001
100001300
10100030
102110000
111002000
120100010
2000210
210000200
111002
100101110
10100021
101001011
3010100
11100011
11010101
11021000
11100002
11010110
200200100
103100000
100202000
300100100
2210000
10001300
400000100
2200100
11100020
30101
3010001
10020011
3000110
3010010
30110
2030000
100100120
120020
20001101
10020002
32000
3000101
201010001
120011
100100102
2010200
20001110
111200
1021100
20011001
10020020
100100111
201010010
202100
120002
100100210
200100011
20030
200100002
30200
20021
12100100
202010
20012
202001
100003100
111110
20003
100100201
20000
200100020
101020001
2020100
10022000
100001210
110002100
200003000
100011200
10102100
101020010
100001201
202010000
400000001
101010110
10400
101010101
400000010
20210
30011
110002010
100001111
3000200
110102000
110002001
30002
10310
100110101
21000200
101000300
1010201
101010002
30010010
10040000
120020000
100110110
4010000
101010011
20201
30010001
100001102
110000102
200001002
101010020
11100101
1004000
110020010
100011020
11010200
110000111
100011011
1010210
110020001
11100110
100112000
102010010
100001120
10001210
100200200
200111000
10100300
212000000
200001020
102010001
200001011
21020000
300001100
12020000
110000120
10001201
110000000
110000003
201101000
1021010
100011110
110000012
101020100
1021001
100001030
110000021
201010100
102010100
20001200
110000030
110300000
200200001
12001001
111010001
20120
111001010
111010010
101000210
200200010
10301
101000201
101111000
111001001
100011101
100100300
1400000
20102
1010300
100110200
12001010
103001000
122000
30020
30010100
20111
300001001
100200101
210002000
102101000
120001010
12010100
100200110
122000000
10001030
3002000
120001001
3002
300001010
111010100
100001000
201001010
20300
100001003
200102000
100110011
100110002
1030100
110011010
100001021
20200100
100020200
201001001
100001012
10001111
200120
3020000
101012000
100020101
2110001
200102
20003000
2110010
100020110
10001102
200111
12001100
32000000
301010000
100110020
41000
12010010
1201100
120200
21010010
3020
3011
10300100
12010001
21010001
110011100
10001120
112100000
210101000
302000
101100110
101100101
100022000
20001020
202000001
21010100
11030000
20001011
1111100
202000010
20001002
10020101
202100000
201001100
11002010
100120010
1030010
220100000
10020110
100003010
22100
200100200
1030001
101100200
11002001
100120001
300020
131000
200030
301001000
10201001
200021
20101010
200012
20101001
300002
100400
10201010
200000
200003
300011
41000000
120101
110011001
3000020
1022
10300001
11111000
101010200
120110
1010
1201001
1013
10300010
1001
3200000
20101100
20200001
2020010
10102001
1004
401000
3000002
1201010
120200000
20200010
3000011
10102010
2020001
100200011
100003001
10001021
202000100
100020020
100200002
10001012
10001000
10001003
31000010
100020011
200100101
10020200
31000001
200100110
11002100
2110100
100020002
100200020
1100
1103
21000020
11001011
10004000
200000300
311000
110201000
2001002
11001020
200010200
100202
2001011
104000
100211
21000002
1112
21000011
100040000
100220
11001002
1111001
2001020
1001012
10121000
1210001
1130
1040000
110012
1111010
1210010
1001021
110003
110000
210001100
1121
221000
1310000
21100001
1001000
21100010
101030000
1001003
1210100
100300100
12020
100130
100210100
1013000
210100100
1031
120110000
3200
110030
12002
111020000
1001030
21110000
110021
1040
12011
40100
100103
100100
300101
310001000
201020000
101210000
10031000
300110
301100000
100112
130010000
20020001
20020010
100121
1220
210001001
211001000
101101001
1003010
20000300
300200
102000101
1001111
102000110
1001102
200012000
110010011
210001010
140000000
110010002
101101010
100013000
221000000
100210001
2001101
100301
200010110
100210010
102002000
110010020
140000
200010101
40001
1102100
100310
1001120
2001110
40010
101120000
200010011
3101
302000000
2012000
100130000
104000000
102200
102200000
200010002
20020100
22001000
1003100
210100001
1100000
1001210
1100003
102000002
20111000
10201100
1001201
210100010
1100012
102000011
1202
21000110
102000020
12011000
23000
10211000
1100021
110010110
110111000
200010020
1211
21000101
310010000
3110
110010101
1100030
110101001
120101000
210010001
110000300
111000110
1102001
10040
101002001
111000101
210010010
101002010
110210000
1102010
12200
10031
10011011
11010002
10022
10011020
10110200
110101010
310100000
11010011
10013
100011002
20011010
11010020
10010300
101000111
121000001
200000030
1400
10010
100030100
10004
101000102
200300000
10001
130000100
200000021
120000020
121000010
111100001
120000011
20300000
100000400
112001000
101000120
200000012
100102010
102110
120000002
200000003
200000000
111100010
102101
100102001
1120100
1100120
10013000
2001200
130000010
200000120
1310
30100010
200020100
110010200
10103
30100001
10011101
1301
130000001
30001100
10100
120000110
200000111
211100
1001300
1100111
1120010
120000101
200000102
1120001
40100000
1100102
3100100
1011110
12002000
210010100
110101100
100100021
101002100
1011101
102020
230000
1300100
100100030
100100000
10110101
11101100
100100003
10011110
20011100
10110110
100100012
10112000
11101010
100030010
2010011
220000001
100000301
211010
220000010
100030001
2010002
120010100
102002
12200000
100102100
23000000
102011
30110000
11101001
10010120
200002100
100000310
111100100
2101100
11001101
112010
1100210
211100000
10130
101200100
13010000
112001
10110020
320000
22100000
111000200
100040
10112
1011011
401000000
14000
12101000
11001110
1011020
10121
1100201
2010020
100031
101000003
2101001
20210000
1300001
2300000
101000000
101200001
100022
1300010
10010201
1011002
112100
100310000
121000100
101000012
101200010
10211
100013
100010
10110011
4001000
101000021
11001200
100004
2101010
101000030
10110002
10220
100001
2010110
30001001
220000100
10011002
11012000
30100100
120010010
200000210
12110
2201000
200020001
20120000
10202
2010101
110000201
31100000
300101000
200020010
12101
2003000
120010001
3100001
10010210
110000210
100300010
21002000
211001
3100010
30001010
100300001
200000201
120000200
10101110
101021000
10000211
100004000
10010030
102020000
10000220
10010021
100010210
1020110
201011000
100000130
10101101
10000202
20002100
10400000
31100
1020101
101011100
1100300
201002
100101200
200101001
100021001
11120000
201011
30011000
100002110
200101010
100021010
10010012
100010201
10010003
10010000
100002101
201020
103000010
200002001
100000211
31010
2120000
110001110
200002010
200101100
103000001
100021100
100000220
110001101
10010111
10000130
100000202
10010102
110021000
10101011
11011100
100010120
100201010
10101020
300011000
201110000
1022000
300000200
10101002
102100100
31001
100201001
112000100
12110000
100000031
201101
100000022
1130000
121001
100000013
101110001
100010102
121010
100000010
101110010
100000004
100010111
100111100
100000001
100002200
201110
1020020
201100001
300000020
10101200
201100010
101011001
1200101
1020002
13100000
211010000
300000011
100000040
1020011
1200110
300200000
11300
300000002
10021100
111000020
131000000
1011200
100010021
111011000
10021010
1200020
100111010
11100200
101011010
100010030
1200002
100201100
201000200
300000110
102100001
111000002
1200011
10021001
10002200
3001100
102100010
111000011
300000101
100000121
112000001
110001011
112000010
10000310
111200000
100000112
110001020
10011200
100010003
10000301
100010000
30000200
11020001
20012000
11020010
110001002
100000103
201200
410000000
100010012
100000100
100111001
3110000
301000001
100012100
102000200
400100
301000010
201100100
10103000
22010000
100121000
110210
101110100
2111000
11003000
40000010
121100
11110001
110120000
12000110
40000001
12000101
11110010
20000210
4001
10202000
1003001
201002000
12000020
11020100
13001000
1110200
4010
31001000
100220000
12000011
101101100
20000201
40000100
21200
12000002
3001001
120002000
10002110
201000101
200110001
10002101
201000110
200110010
1031000
400010
203000
200201000
110300
10130000
3001010
400001
10002002
20000030
10200002
130001
201000011
20000021
10002011
21002
10200011
110120
130010
201000002
20000012
110012000
21011
203000000
2021
10200020
10310000
201000020
12000200
11110100
21020
20102000
20000000
20000003
2030
2003
112010000
2000
10301000
102011000
1110110
10000100
1110101
2012
21100100
10000103
110102
10000121
10002020
3011000
11200001
202001000
10000112
110111
2021000
11200010
1202000
100002002
10000013
10000010
20100020
400010000
100002011
10000004
301010
10000001
100010300
10000031
210011000
20100002
11200100
301001
110201
10000022
20100011
21011000
10030100
20000120
300002000
20002001
10000040
20002010
21101
210110000
1020200
21110
20000111
100002020
20201000
1110020
301000100
311000000
20000102
300110000
