2200
20100100
22000
1
11002
1102
10120000
4
11001010
1000030
110110000
100201
10
2001001
13
1000021
10030000
21000001
2001010
100210
10200100
1000012
22
1000003
1000000
1111
21000010
11001001
1111000
31
110011
2000020
1210000
1001011
210000010
1001020
1012000
110002
40
210000001
11000020
1120
11000011
21100000
2000002
11000002
1001002
2000011
103000
1030
210000100
12001
220000
2000101
10003000
110020
12010
2000110
110100100
100102
103
100
300100
310000
100111
4000000
22000000
20020000
112
2002000
100120
121
210001000
1101001
101101000
20110000
102000100
1001110
130
1001101
110010010
13000000
1101010
110010001
100210000
2001100
211000000
100300
2101
200010100
2110
110200000
40000
1002100
200010010
3100
200200
202
310000000
200010001
220
1002010
10210000
102001000
1002001
211
210100000
1100002
102000001
101100001
1001200
101200
1100011
1000120
101100010
102000010
110100001
1000102
1201
1100020
1210
21000100
1000111
110100010
110010100
210010000
110101000
1102000
1010101
101002000
111000100
2100100
1010110
10030
11010001
10011010
10021
11010010
10012
101000110
100011001
121000000
1000300
2011000
310
101000101
11200
30000100
10100200
10111000
10000
10003
101002
200000020
120000010
200000011
111100000
101011
200000002
101020
200001100
120000001
100102000
102100
301
30000010
10111
1000201
210010
10100101
101001100
210001
10011100
10100110
30100000
10102
101101
130000000
30000001
1300
200000110
101110
1100110
120000100
200000101
1100101
1120000
1000210
100100020
1011100
11000200
10110100
200011000
100100002
100012000
100100011
1101100
2010010
220000000
13000
100101001
11110
100000300
21001000
100030000
2010001
300100000
400
20010100
102001
102010
100101010
111100
11101000
11001100
2100001
210100
2100010
112000
10012000
11011000
1011010
11101
10120
1100200
2101000
11000101
100030
101000002
2200000
111010
1300000
101200000
1110010
1011001
10010200
101000011
100021
11000110
1110001
10210
100012
10110010
101000020
12100000
1010020
100003
10110001
100000
100101100
30001000
10011001
2000200
10100011
20010010
101001001
1010011
200020000
11011
20010001
11020
10201
300010000
2010100
110000200
10100002
12100
1010002
120010000
3100000
120100000
111001
211000
10100020
101001010
100300000
200000200
11010100
11100010
10000210
11100001
10010020
10000201
10101100
1020100
30100
3010000
10020010
200101000
201001
20001100
10020001
3000100
100021000
10010011
201010000
100100101
201010
120010
100010200
120001
20011000
10010002
100002100
100100110
200002000
200100010
100000210
103000000
200100001
20020
110001100
20011
10010110
10010101
20002
202000
100000201
100100200
101020000
10101010
100001200
400000000
10101001
100201000
31000
101010100
100000030
30010
201100
100001110
100000021
110002000
30001
121000
100110100
100010101
100000012
101110000
1010200
101010001
100010110
100001101
101010010
100000000
100000003
30010000
20200
110000101
200001001
11100100
201100000
100011010
110000110
110020000
1020001
1200100
101011000
300000010
200001010
102010000
1020010
300000001
10001200
110000002
100010020
110000011
1200001
1021000
102100000
110000020
111000001
1200010
10021000
300000100
111000010
12001000
200200000
112000000
100000120
111010000
110001010
10300
101000200
100010002
10000300
100011100
111001000
100000111
20101
11020000
100010011
100000102
100111000
110001001
20110
100200100
300001000
120001000
301000000
3001
100001002
100110010
100110001
11110000
100001020
100001011
201001000
40000000
12000100
10001110
4000
1003000
2110000
100020100
12000010
200101
20000200
12000001
200110
10001101
3001000
201000100
200110000
10002100
3010
12010000
21010000
400000
101100100
10200001
10002001
130000
201000010
202000000
21001
10002010
20000020
10200010
20001010
201000001
20001001
10020100
21010
2020
20000011
1030000
100120000
20000002
11002000
2002
10201000
10000111
200020
2011
1110100
10000102
10000120
20101000
110101
300001
200011
11200000
110110
300010
200002
120100
110011000
10000012
100002001
1021
10300000
100002010
1012
1201000
10000003
10000000
20100001
10000030
1000
1003
20200000
10102000
301000
3000001
110200
10000021
20100010
3000010
2020000
100200010
20002000
10001020
100003000
100200001
10001011
21100
10001002
20000110
200100100
100020010
31000000
100020001
20000101
