4000110
3
10030011
201021000
100320000
4000101
10200120
12
10030002
301101000
22000101
130101
210201
11000040
21
100211001
111110010
210020010
10200102
24
22000110
130110
1002201
111110001
210020001
10200111
20310000
30
33
1002210
11000031
42
210210
11000022
11000010
11000013
102300000
13020000
11000001
130100100
11000004
1002120
310011000
420000000
4000011
102
22000020
4000002
111
311000100
100211010
102001110
22000002
210300
114
102001101
200120010
22000011
400100100
10030020
123
200120001
4000020
120
1101003
1101000
141
20110002
220010100
132
20110011
32001000
130100001
1101021
100014000
130100010
1101012
110112000
2013000
211000002
10200210
4000200
211000011
1101030
211000020
111110100
10200201
1002111
130200
100211100
14000100
1002102
102001011
204
201
102102000
141000
102001020
10200300
222
1002012
14000010
102001002
213
1002003
14000001
210
1002000
1002030
220010010
231
1002021
220010001
20110020
240
401001000
2202000
1010100
11000301
1010103
13011000
1101120
300020010
300020001
11000310
140001000
21001101
312
1301010
10100202
1301001
20110110
21001110
10100211
20110101
113100
10100220
300
230000100
303
210012
10100103
10100100
10410000
111101010
210000
210003
20301000
20110200
111101001
21001200
1301100
10100112
230000010
211000110
321
10100121
330
211000101
230000001
1101111
10100130
1010130
11000202
101201001
210030
101201010
11000220
1010112
1101102
210021
11000211
1010121
411
21001002
200120100
10100040
402
113010
21001020
113001
21001011
11000130
210020100
210102
210111
1101300
300020100
111101100
11210100
420
2004000
11000100
1110012
11000103
400100001
101201100
1010040
1101210
120030000
1101201
1110000
20121000
1110003
400100010
1010031
11210010
11000112
23010000
1010022
11000121
210120
11210001
111300000
220200000
1010013
1002300
10100010
10100013
1010010
10100001
1010004
10100004
1010001
10100031
211000200
10100022
1010310
111012000
2020200
100110210
2210001
21020100
2210010
112011000
3000111
100410000
3000102
202110
3000120
321000
202101
100022100
10100400
410001000
202011
100110300
100003101
202002
100003110
2020101
1010400
2020110
202020
131001000
140100000
11000400
3000201
21000210
20200200
3000210
100110102
21000201
1010202
100110111
420000
202200
122100
110000103
1010220
110000100
123000000
101022000
1010211
10100310
100110120
21020010
10100301
110000112
13200000
21020001
110000121
110000001
110000004
110000010
110000013
100003200
110000022
110000031
110000040
3000300
21000300
122010
1010301
1400001
100110201
1400010
122001
102101001
1400100
102101010
210111000
100110012
100110000
100110003
20200110
100013100
20200101
32000100
13002000
104001000
41000100
32000010
100110030
110220000
10131000
32000001
33000000
100110021
102101100
4110000
1041000
22000200
210012000
104010000
100022001
100022010
21012000
300012000
100003020
100003011
2220000
131001
10201002
102001200
10201020
41000010
10201011
41000001
301100100
3000021
1020
20200020
1023
3000030
2020020
1011
1014
30012000
20200002
40020000
1002
3000003
2020011
3000000
20200011
311001000
3000012
2020002
131010
100003002
2210100
201012000
20103000
1101
11001012
120000300
11001021
101210100
10031100
101200200
1113
22200000
1110
11001003
1104
11001000
1131
1122
1310001
1140
1310010
131100
401010000
1032
102002100
4101000
100212000
1003200
10031010
1041
20040000
301100010
101210010
201020001
301000200
2012100
4001100
201020010
10031001
101210001
301100001
111100200
22001100
11001030
1221
211001001
20111100
1003011
20101200
1003020
1230
20300100
110010012
140000010
400200000
110111100
211001010
1310100
140000001
110010000
310010100
110010003
110010030
100013001
140010
102002010
104000100
102002001
110010021
140001
100013010
121011000
104000010
210010200
2012001
22001010
201020100
104000001
110111010
112200000
2012010
130200000
22001001
20111010
1003101
1100001
1100004
20111001
1003110
1100010
1100013
1203
1200
110111001
110010111
310010010
130101000
1100022
140000100
110010102
310010001
1212
1100031
10041
10032
11010000
11301000
1100040
140100
11010003
11010012
10023
10020
110010120
100100040
200300010
11010021
10014
111100020
1401
120000030
100030101
10011
112001010
11010030
200300001
202020000
100030110
120000021
112002000
10002
112001001
20300001
111100002
1120110
120000012
20300010
120000003
120000000
111100011
211001100
1120101
2003100
1100121
10104
1311
120000120
10110
220000200
1011120
1120020
1100112
114000000
110010201
100030200
1302
10101
120000111
3100110
1120011
100020300
120000102
230100000
1100100
3100101
1011111
1100103
11103000
1120002
1011102
201300
100100022
203100000
100100031
1320
100100001
110010210
100100004
11001300
1100130
100100010
300021000
100100013
220000002
100030011
410100000
220000011
100030002
11001120
2003010
111100110
220000020
21002100
1120200
111100101
110010300
11001102
1011030
320010
1100211
101200101
400101000
10131
10140
1100220
101200110
320001
1011012
10113
11001111
1011021
1100202
10122
10230
101200002
1011000
1011003
320100
4001010
101200011
101200020
1410
11001210
10212
4001001
11001201
10221
121002000
220000101
20120010
120000210
114000
3100020
10200
20120001
220000110
10203
2003001
3100002
21002001
100030020
3100011
120000201
21002010
10000212
10000221
101130000
10000200
10000203
1100301
112000200
201003
201000
100021002
100002111
20120100
10000230
100021011
2211000
201012
100002102
100021020
1100310
201021
100002120
201030
100021101
10000131
100021110
10000140
200220000
1100400
11110200
32010000
110103000
210120000
112000101
201102
111200100
112000110
3100200
112001100
121002
121011
10000320
121020
410000100
100002201
201111
100002210
1011300
201120
111120000
200300100
1302000
1011201
1011210
112000002
111200010
10000311
112000011
111200001
10000302
3030000
410000010
201210
302100000
112000020
100021200
410000001
100002300
201201
301000020
301000002
100012101
301000011
100012110
312000
40002000
210011010
121110
20102100
121101
110120001
11110002
11110011
110120010
1003002
121200
13001001
100220001
13001010
20201100
100220010
310002000
10130010
21011100
10130001
210011100
10200000
10200003
130002
2040
10200012
130011
11110110
10130100
10200021
20102010
2022
11110101
20102001
2031
10200030
10000104
112010001
2001
10000110
21011010
2004
2021010
2010
112010010
10000101
2013
10023000
10000122
301200000
130020
10030200
10000113
3021000
2021001
132000
10000014
100002003
112010100
100002000
10000011
10000002
11110020
100002012
210011001
2011200
10030110
10000023
21011001
10000020
110120100
2021100
10030101
13001100
10000041
10000032
20201010
120210000
100012200
301000110
20201001
100002021
311000010
4100100
301000101
311000001
100002030
100220100
11001
121010010
2202
20100102
110110002
11004
121010001
10230000
20100111
1000023
110110011
12000300
1000020
1000011
31020000
1000014
113000010
1000002
113000001
20100120
120120000
40010001
40010010
110310000
1000041
2220
1000032
2211
22002000
40010100
220020
103002
12300000
101211000
220002
1311000
220011
101031000
2301
20100201
1121010
20100210
1121001
110110020
103020
103011
11040000
1000131
1000140
110110110
2103
2100
110110101
103101
102210000
110110200
20100300
2130
2112
112020000
103110
10210002
21003000
2121
10210011
10210020
121010100
300102000
101100003
1000113
101100000
102201000
101100012
1000122
2310000
200013000
1000101
220110
101100021
113000100
101100030
220101
1000110
1000104
11102100
121001001
212100
2100111
200110101
410100
200110110
100400100
2100102
110102100
2100120
121001010
100031100
101020200
11211
1000302
10210110
11202
103200
10210101
220020000
1000311
11220
20030010
100031010
100140000
1000200
1000203
20030001
1000221
3010200
1000212
410010
100400010
2100201
1000230
410001
200110200
100400001
110001300
100031001
221100000
2100210
100101003
100101000
2310
200130000
11112
10210200
1000401
11121
111002100
100101021
111102
11130
1000410
100001400
400020000
100101012
10000410
2301000
212010
2100003
2100000
11102010
10000401
212001
121001100
11102001
100101030
2100012
2030100
2100021
11100
2100030
11103
2200002
1000320
11040
111012
2200011
1121100
111021
111030
2200020
11310000
110001210
200301000
110001201
10122000
11013
100101102
2400
11010
20030100
103020000
11022
33000
11031
3010110
111002001
100001301
111000
100101111
30111000
111003
100001310
111002010
3010101
101040000
200200110
200200101
10001301
3010020
100100130
2200110
10001310
100001220
2200101
101100300
3010002
2030010
100100112
120030
21201000
22020000
3010011
2030001
120021
100100121
100100100
100100103
111210
21010200
20040
120012
120000
111201
120003
100100211
20031
20022
100100220
111120
20010
20013
111111
100100202
20001
20004
101020002
100001211
110002101
101020011
110002110
100001202
23100000
10410
240000000
101020020
10401
10001400
110102010
20211
110002011
10320
100001112
110102001
20220
200111010
230010000
102010020
110002002
10311
111300
10300200
100001100
20202
100001103
411000000
100200210
100001121
102010011
200111001
100200201
10001211
300120000
100001130
11101200
110002020
2200200
102010002
10001202
203010000
100001040
101020110
201101001
10001220
101020101
102010110
20130
100001031
111010020
200111100
100200300
102010101
201101010
20112
111010002
12001002
200200002
111010011
20121
200200011
212100000
100100310
10302
3020100
200200020
100100301
20100
12001020
20103
12001011
100200102
210002001
120300
10001040
210002010
100200111
301001100
111010110
10001031
3002001
3000
100100400
3003
3002010
111010101
100200120
100131000
100001001
20301
100001004
204000
200102001
11111100
200102010
100001022
20310
100001010
100001013
202100100
201101100
3020010
12001110
10001112
3020001
101012001
21010020
101012010
12001101
10001103
10001100
201300000
41001
10300110
101100120
21010011
3021
120201
10300101
102010200
21010002
3012
3002100
10001121
101100111
10001130
211200000
2130000
41010
3030
101100102
120210
101100210
21010101
40110000
22011000
200102100
21010110
202100001
2022000
202100010
101100201
300111000
10401000
30120000
301001001
20101020
20101011
21210000
12001200
20101002
203001000
111010200
301001010
120102
10300002
11111001
20022000
111201000
20101110
120111
10300011
41100
20400
20101101
10300020
120120
10001022
100200012
100200003
210002100
10001010
10203000
100200000
10001013
10001001
100200030
10001004
141000000
11111010
101012100
100200021
1122000
100040010
104001
104010
100040001
1001013
210100200
1001010
1001022
221010
20000400
3300
221001
101030010
1001004
21300000
101030001
1001001
1001040
100210110
210100110
12021
100210101
12030
1230000
210100101
3201
12000
21110010
12003
1001031
402000
21110001
3210
12012
330000000
121000200
310020000
20000301
102000102
1001112
101101002
103011000
102000111
10211010
101101020
1001103
101030100
1001100
200012001
100210020
200012010
102000120
10201200
20000310
101101011
100210002
10010400
110000400
100210011
110031000
1001130
1001121
102200010
3102
200121000
102200001
211200
221100
210100002
1001211
102000000
10201101
102000003
102000012
210100011
1001202
3120
210021000
111111000
100040100
102000021
10211001
210100020
212001000
102000030
104100
10201110
3111
110000301
1001220
110101002
1300200
120021000
12201
110101020
12210
2101200
110000310
110101011
10010301
121000002
20031000
100032000
121000011
200012100
121000020
100000401
102200100
30110100
100102011
100000410
111210000
100102002
31100100
13010100
10211100
1001301
211101
111003000
101004000
401000100
10010310
1001310
230001000
110101101
2040000
1300110
11101110
210030000
2300100
1300101
211110
11101101
110101110
132000000
11101011
10010130
100000302
211011
211020
101202000
11101020
100102101
30110010
201030000
10010112
30110001
11101002
100102110
40011000
10010121
100000311
112011
2101101
110000130
13010001
222000000
112002
13010010
401000001
1001400
2101110
112020
31011000
401000010
12030000
100401000
112110
1300002
2101002
2300001
121000110
100102020
411000
2300010
1300011
112101
10010202
121000101
110101200
2101020
1300020
2101011
31100010
21110100
2201001
12111
110000202
31100001
12102
100000320
10010211
110000211
12120
111102000
211002
2201010
110000220
10010220
101021001
10010031
10010022
10010040
100000131
10400010
100000140
101021010
11400
10400001
110001030
100101210
11120010
100101201
11120001
10010010
10010013
20130000
10010001
10010004
300110100
100000212
2031000
110001111
100000221
11120100
110001102
11031000
100000200
10010100
10010103
112200
100000203
103110000
11100300
203000100
100000230
121020000
100101120
2201100
110001120
10400100
1130010
100000020
100000023
1130001
203010
100000014
100000011
100000002
130020000
201100002
3001200
1200120
201100011
10140000
201100020
1200102
100000041
2100300
11310
111011010
1200111
11301
10002300
100000032
131000001
100101300
111011001
1200021
3001110
131000010
301011000
203100
11100201
1200030
1200003
11100210
1200000
121200000
3001101
10002201
1200012
100000122
110001012
200112000
10002210
101021100
110001021
100000113
1130100
100000104
100000110
200310000
113100000
110001003
110001000
100000101
20400000
102000210
10002120
201100110
42000
20000130
30102000
102000201
1320000
201100101
402000000
12000120
210003000
10202100
22010001
22010010
101013000
12000111
131000100
12000102
20000211
12000030
210110100
101101110
22010100
200103000
10202001
4002
12000021
20000220
10301100
4011
10202010
4020
12000012
101101101
20000202
12000000
12000003
10002111
3001002
220200
10002102
202011000
100023000
3001020
203001
111011100
3001011
10002003
10002000
20000031
12000210
200004000
20000022
10002012
20000013
203000001
11112000
20000010
20000004
203000010
12000201
20000001
101220000
10301001
10002021
20000040
10301010
10002030
20100021
20100030
20100000
20100003
301002000
100210200
20100012
103101000
301020000
20000121
210110010
220011000
1221000
20000112
210110001
101101200
300110010
201100200
20000103
102000300
300110001
20000100
101301
22002
100103100
10120002
303000000
22011
101310
220100100
10120011
200210001
10120020
200210010
11030100
2000040
210000012
31010010
2000022
10220001
10003020
31010001
10220010
10003011
2000031
210000000
120111000
210000003
110100210
2000004
210000030
1200300
2000001
110100201
31101000
2000013
210000021
2000010
2000112
110100120
210000111
2000121
210000102
210000120
2000103
10003002
110100111
2000100
11130000
200011200
110100102
2102100
13110
1220010
1220001
13101
221001000
200011011
200011020
110200020
110200002
101130
110200011
101003001
1140000
101121
110030100
10003110
120011001
1200210
21101001
13200
200011101
20010300
100103010
130011000
1200201
101220
21101010
101211
10120110
110100021
103010100
101202
110100030
100103001
10120101
121100010
110100000
110100003
100301100
200011110
10003101
121100001
200210100
110100012
101031
101102001
101003100
2000301
101102010
100301001
11013000
210000300
111001200
2000310
10212000
20010210
10111011
103010010
100301010
10012110
101040
10111020
10012101
103010001
4101
120011010
30000111
101004
20010201
101001
30101001
30000102
10111002
4110
101013
30000120
30101010
101010
131100000
101022
30000012
110200110
103000110
121100100
12003000
20001300
110200101
30101100
30000003
101103
10111101
103000101
30000000
101100
4200
30000030
30000021
101112
101003010
202110000
130001010
111001101
200011002
130001001
300030000
111001110
110030010
31110000
1014000
20010120
110030001
10003200
120011100
20010111
13002
300100011
20010102
110100300
30210
300100002
21120000
13020
13011
300100020
1410000
10012020
2000130
10012002
23001000
12201000
10012011
10111110
120102000
12100020
202200000
31010100
30300
20010030
12100002
102020100
2102010
10111200
12100011
2102001
130001100
20010021
2000202
210000210
20010012
103000200
20010000
20010003
300000300
110200200
2000220
2000211
210000201
200003100
23000100
20001120
100202010
11021001
101010120
30030000
103100010
11100012
11100003
11100000
103100001
100202001
202010100
300100101
201111000
11100030
110040000
300100110
200003010
30120
11021010
11100021
10302000
1021110
30102
10020012
12100200
30111
10020003
20001102
10020000
10020030
20001111
120020100
1021101
20011002
10020021
102120000
12100110
200100012
200100003
30201
200100000
401100000
300001200
12100101
200100030
200100021
20001030
102021000
200003001
100202100
110300100
202010001
400011000
101010111
202010010
300100200
101010102
30012
112110000
2000400
30003
30000
120020010
101010003
101010000
120020001
101102100
101010012
101010021
103100100
11012100
11100102
300001110
101010030
11100111
212000001
11100120
212000010
300001101
201210000
213000
311010000
1021020
10012200
101111010
1021011
1021002
231000000
20001210
110300010
212000100
20001201
110300001
110022000
111001020
103001010
111001011
211110000
101111001
111001002
30030
30021
103001001
122000010
300001002
12010110
200202000
101111100
12010101
122000001
210101100
301110000
300001020
21101100
300001011
2110020
11121000
1030101
200100300
1030110
31002000
4200000
113001000
2110002
301010010
10020300
2110011
100122000
12010020
301010001
12010011
1201101
110013000
1030020
122000100
12010002
210101010
12300
210101001
10104000
1201110
401100
22200
20001021
11030001
200100210
20001012
11030010
10020120
10020102
20001000
20001003
22110
220100001
1030011
2110200
10020111
22101
220100010
1021200
200100201
120110100
1030002
300021
41100000
101010300
300030
12010200
100410
300000
301010100
300003
30300000
300012
10220100
100401
100102200
330000
21111000
101010201
202002000
22020
401010
1201002
401001
1201011
120003000
1201020
1220100
10020210
3012000
200100120
222000
101010210
11004000
3111000
200100102
10311000
102012000
2110110
10020201
2110101
11021100
200100111
10004001
14100
200010201
10004010
130010100
1210020
1210002
110010
10121001
110013
1210011
110001
210001101
3011100
110004
200010210
210001110
200031000
12210000
10121010
10221000
1210101
120110010
210201000
110040
221000100
1210110
120110001
111020001
110031
40110
111020010
110022
200010120
40101
200200200
102300
300102
300111
240000
130010001
300120
130010010
210001002
300201
10121100
120012000
210001020
210001011
12002100
300210
40020
221000001
200010111
302000100
221000010
10004100
200010102
100121100
102210
40002
100104000
40011
100130010
200010012
302000001
100130001
200010003
102201
200010000
302000010
31001100
1201200
200010030
21102000
12011001
1113000
200010021
120101001
10011030
210010002
102120
130002000
111000111
321000000
101002002
111000102
210010011
101002011
10011012
111000120
10011021
120101010
10112100
103001100
122100000
101002020
100130100
102111
210010020
100302000
200002200
300300
102102
211020000
30100011
400002000
10011102
30001101
30100002
30001110
300300000
30100020
101103000
12002001
10011120
120101100
102030
210010101
101002101
210010110
102021
12002010
101002110
10011111
10112010
12200100
10112001
30100200
300101100
102003
12200001
102000
23000001
200002110
212010000
12200010
200002101
102012
23000010
1104000
12101010
111000201
14001
111000210
12101001
2103000
14010
101002200
220110000
210001200
111000300
12101100
10011003
10011000
30001002
30100101
30100110
201110100
300101001
40200
300101010
30001020
1210200
30001011
101301000
1020120
10011300
102020001
3003000
102020010
113010000
20002110
1020111
13110000
20002101
1020102
30000300
101011101
101011110
200101002
31200000
210300000
200101011
11022000
110021100
200101020
202101000
200002002
110021010
200101101
200002011
200101110
101310000
110021001
300000210
1131000
100201011
100201020
3210000
201110001
101001300
200002020
300000201
201110010
100201002
103002000
100113000
101110002
101110011
300000030
21300
1020021
300000021
100201200
10113000
400200
1020030
300000012
201000300
1020000
1020003
101011002
20002200
110301000
300000000
1020012
300000003
111000021
300000120
101011020
100201110
201000210
111000030
101011011
201000201
100201101
300000111
111000000
111000003
111000012
210102000
300000102
10103100
10011210
400001100
30000210
10011201
110400
30000201
102011100
21120
2111010
400110
200110020
202001100
400101
10103010
110220
101110110
10103001
100121001
110211
101110101
12011010
2111001
100121010
10120200
10310100
1020300
201102000
1112100
110310
31001001
2111100
102011010
31001010
1202100
21210
21201
200110002
201000102
12011100
200201010
201000111
200110011
400020
400011
11200200
110301
200201001
400002
101110020
201000120
201000012
110112
21000
21003
110121
201000000
201000003
201000030
21012
110130
10310001
101011200
201000021
21021
10310010
11200020
202001010
122001000
21030
102011001
400010100
110103
110100
3011001
11200002
1202010
202001001
14100000
11200011
1202001
400010010
301020
3011010
400010001
301011
101110200
301002
11200101
20002020
200400000
200010300
103200000
101400
200201100
110202
11200110
20002002
20002011
21102
1020201
200101200
21111
1020210
200040000
3201000
20021010
200400
4002000
20021001
1211001
42000000
3101001
1012011
120100200
31000101
1012002
31000110
310110000
220001100
12012000
3101010
1012020
100120101
120100110
1112010
100120110
120100101
2002020
1112001
200030100
301200
310002
310011
2002011
13000101
110202000
200001300
20021100
13000110
120001200
110003100
2002002
31000200
1012101
120001101
13000020
1012110
120001110
13000011
2002101
2002110
21200100
13000002
111021000
310000110
24000
40001001
200301
11201010
110003010
310000101
131010000
140010000
3300000
30200100
1211100
40001010
200310
11201001
200030010
310000011
200202
11300001
301110
310000002
3101100
200030001
11300010
301101
200220
110003001
201120000
200211
310000020
100120200
1211010
410010000
1012200
210200001
21200010
210200010
21200001
302001000
30002001
101300010
1103100
30002010
101300001
231000
201200100
121110000
400110000
200001120
200001111
2011002
2002200
20012100
110211000
300010200
101001201
110020101
200001102
101001210
310200
40101000
110020110
102003000
1004100
30200010
101001102
30200001
4011000
101001111
102030000
102110100
110020200
1103010
201200010
101001120
13100100
100012020
1103001
201200001
100012002
200001030
10014000
100012011
11300100
310101000
300010110
200021001
2011101
300010101
10032000
101001030
310020
220001001
220001010
4100001
12102000
4100010
200021010
400001001
101300100
100311000
21021000
2011110
11011002
120300000
320000100
400001010
11011020
200001210
211101000
204000000
200001201
22101000
11011011
2011011
310110
30020001
320000010
310101
30020010
320000001
2011020
300010020
300010011
41010000
101001000
200021100
101001003
20211000
120100020
30002100
300010002
120100002
101001021
102110001
101001012
120100011
102110010
11010102
201010020
2010210
11010111
320001000
12020100
400000101
1023000
400000110
100310100
101000400
32010
32001
201010002
2010201
201010011
10102020
200022000
11002200
30020100
32100
202000200
30001200
400000020
10022001
10102110
2121000
100011201
2010120
10102101
10022010
100011210
320100000
400000002
11010120
400000011
101000310
10102200
211011000
4010010
101000301
10040010
30010011
10040001
110210100
4010001
20013000
104100000
300201000
30010002
11010210
200001003
110121000
200001000
100112010
11010201
110020011
100011021
1004001
30010020
1004010
110020002
100011012
100112001
400000200
12020010
200001021
110020020
100011030
12020001
200001012
11010300
100011111
10022100
100112100
112100100
201010110
13101000
2010300
201010101
100011120
12111000
101000220
110011200
20003100
101000211
100011102
101000202
30010110
4010100
30010101
122010000
211002000
120001020
120001011
1203000
11220000
4020000
120001002
111020100
1111200
201001011
100020210
11201100
20003010
210200100
201001020
120200100
110011011
200130
100020201
310000200
201001002
110011020
40001100
1032000
200112
20112000
30010200
200121
100020120
100020102
20003001
200103
110011110
200100
100020111
10040100
110011101
302001
112100001
112100010
302010
202000002
1111101
100120020
202000011
201001110
302010000
202000020
100120011
11002011
201001101
200040
100120002
11002002
100011300
200031
11002020
110130000
200022
200013
3200100
200010
200004
200001
20220000
110002200
110011002
300003000
12120000
3200001
120200010
10102002
120200001
3200010
10102011
13000200
100020030
202000101
100020021
31000020
202000110
201001200
100020012
2112000
31000011
1111110
221010000
11002110
31000002
100020000
11002101
100020003
21000021
311001
110201001
22110000
200000301
121101000
2001003
100200
2001000
100203
21000030
21000000
21000003
3102000
100212
2001012
110201010
1111002
200000310
100221
21000012
2001021
21100020
1111011
1040001
1013100
1111020
1040010
21100002
21100011
1030200
311010
100300101
100221000
1040100
100131
100300110
213000000
100140
1013001
1212000
1013010
100101
20020020
310001001
30210000
100110
41001000
100104
20020002
100113
100122
20020011
310001010
110004000
100320
2001120
130000200
201003000
302100
100300200
100302
10110300
200211000
2001102
10320000
200000400
20020200
1102110
101120010
1102101
120002100
100311
101120001
2001111
310001100
23010
11202000
20020110
1102200
20020101
101120100
40100100
312000000
21000120
100230
14010000
2001030
320010000
20202000
21000111
23001
21000102
10110210
22100100
201010200
100203000
1102002
110210010
211100100
100230000
110210001
1102011
311100000
200000040
310100010
10110201
310100001
100011003
100011000
20011011
200020200
1401000
30003000
200000031
130000110
101000100
20210100
120010200
101000103
20011020
130000101
200000022
200000010
101000121
200000013
200000001
101000112
200000004
20011110
10013001
200020110
130000011
200000121
2001201
200020101
101000130
130000002
200000112
2001210
10110120
40100010
200000100
130000020
200000103
10013010
40100001
230010
110400000
230001
211010100
30201000
10101300
10110102
1102020
20011101
10110111
2010012
120010110
2010000
2010003
120010101
102111000
123000
211100001
22100010
2400000
10110030
10013100
10110021
211100010
22100001
200000130
100041
300011010
310100100
30021000
2010030
100032
110201100
2010021
20210001
201201000
101000001
100310010
101000004
230100
100023
101000010
100020
20210010
101000013
100310001
100014
11211000
10110012
101000022
100011
120010020
10110003
100002
101000031
10110000
2010111
11012001
200020002
120010011
200000211
2010102
11012010
300011100
101000040
100300020
200000220
2001300
120010002
20011200
200020011
200020020
100300011
100300002
220002000
200000202
311100
11400000
10101111
100010220
100004001
100010211
100004010
102100200
201011001
10101102
300002100
31101
101112000
30011001
100010202
103000011
100041000
31011
2120001
103000002
31020
2120010
300200100
10101030
11011110
103000020
100010121
11011101
10101012
201011010
100010112
10101021
300011001
102100110
1022001
10101000
101400000
100010130
102100101
10101003
31002
1022010
32100000
12110001
12110010
31200
21030000
100010100
100010103
100111101
30011100
10021110
10101210
10101201
210210000
2120100
300200010
13100001
211010001
201011100
24000000
300200001
211010010
13100010
10021101
10041000
102100020
30011010
100111011
100010022
10021011
10021020
100111020
100010031
102100002
100010040
1022100
12021000
102100011
10021002
130110000
11020020
31110
310200000
100010001
20012010
1110300
11020002
11011200
100010004
20012001
100010010
10101120
100111002
11020011
100010013
3110001
20004000
3110010
112101000
303000
300210000
100111200
10021200
201002100
40000020
23100
40000011
11003001
1110210
40000002
110012100
12110100
11020110
201002010
201002001
11020101
21100200
1110201
40000110
1031010
40000101
100010400
120002001
220101000
120002010
101121000
1031001
100111110
14001000
111030000
1031100
110012001
1110120
110012010
11003100
40200000
21100110
1110111
11020200
21100101
3110100
1110102
100010310
100004100
11003010
100010301
3120000
300002001
300002010
1110030
1110021
40000200
120201000
