12224100
3
1140114
303000003
303000000
341130000
300030300
4410
300030303
3012213
311111130
3012210
4413
3003411
111001440
30004221
1140111
303000030
4113000
30
4113003
4421100
33
111030411
330300030
303000033
303122100
222300300
302223000
31140030
123321000
300030330
111001410
11130111
333000111
411311100
341100300
111001413
31140000
31140003
1343100
1140141
331110111
330300000
11214300
330300003
30004140
330411
222122100
322203000
414011100
112110411
14130030
11130003
3030330
11130000
42210300
303030300
300030222
122403
30004110
122400
30122103
11130030
30122100
233400
301224000
111
14130003
14130000
311111100
4440
1140222
311111103
331110030
4132200
233400000
411041100
114
11130033
122430
3030300
301114110
3030303
300222111
30004113
141
11403003
11403000
300312210
314111100
14130111
1414110
30122130
311130300
11333100
141111111
300012240
42210111
300030411
3012321
144
111030330
330300111
222003300
331110003
3333000
331110000
300222030
1140030
304113000
112140300
4113111
223221000
30330111
30044100
30233100
3114300
114111300
1140000
111030300
330330
1140003
111030303
30330003
30330000
304113
141000
304140000
141003
333000030
330001140
333000003
222
333000000
31132200
30030411
300222003
304110
133211100
30304110
300004410
1140033
300222000
114001221
330303
330300
3041400
3012240
1114110
330001113
3030411
141030
223410000
141033
411002220
1224300
330001110
1132311
111304110
11214111
300012210
2224110
300012213
122400300
141003003
30122211
141003000
30330030
311103300
4113030
11403111
411411000
122411100
11130330
312240000
300030030
3030141
141003030
22212210
4143
12213000
12213003
4140
322230000
141111000
141111003
14103000
300030033
3030114
14103003
112110111
3034110
111004140
311103111
1132230
12213030
33030030
111004113
141114
30000111
303004110
3030111
112110114
141111
233101110
4110
4113
233211
111114111
122101110
112110141
122101113
14103030
30000114
300
111004110
141111030
122212110
11214030
303
233103
114014100
233100
11214003
11214000
31410111
30414
44130000
1132200
1132203
30411
31140300
30000003
141141
30000000
1122321
114411000
111001140
12321300
300000411
30000030
111001143
114001110
300000414
222003111
111114003
42210030
333
4221
111114000
330
114001113
412221000
32220003
3030033
32220000
11130303
330001221
42210003
122112210
233130
11104110
111114030
341100111
113220111
11130300
42210000
114111111
342210
30441
30000033
331110300
1421400
111001110
300000441
300030000
300030003
114001140
300412110
11403030
31110003
12213111
33030111
30412110
31110000
11104113
300012321
32220030
3030030
111001113
141003111
411
312321
412140
31140111
414
30222
1410033
303011400
31110030
3114000
3114003
11104140
300000333
330114000
300000330
112110222
223111110
144003000
1144110
3233100
1410030
30011403
31110033
31410030
30011400
441011100
311103030
111001332
441
412110
300222300
444
1410000
31410003
1410003
31410000
4224
113220300
222003030
30122400
122101221
141033000
14411100
3030222
2234100
141222
311103003
3114030
30011430
311103000
111300033
11130222
30113220
412113
222012210
111300030
222003000
14214000
4332
222003003
2334000
32220111
111222300
1110000
11130141
330300300
1110003
422111100
30303
33030000
30300
33030003
11130114
31110111
300030111
112110300
23313000
112110303
122101140
111300003
114111030
11104221
111300000
3114111
114041100
141300
111001224
141303
142113000
111001221
300030114
300000300
31110114
300000303
114111000
30333
3301410
31110141
114111003
300030141
30330
303303000
30330300
4413000
222111300
4113300
112110330
222111111
30030003
3033300
411011211
303311100
30030000
11100003
330000411
30141
11100000
111022311
41100114
141003300
30012321
300122100
300122103
11100030
30114
3111330
33000222
41100111
4121130
30222111
300034110
4110303
4110300
12321111
233100300
11241300
11222400
3000111
12232200
30111
303411
3111300
300001224
330012210
3111303
311222100
41100141
1114410
3000114
111300222
301140300
4110330
300001221
301110222
4121100
111004410
312210111
4121103
111312210
3111411
3000141
22422
4110222
4121211
111300111
4140300
313320
111300114
111233100
111123210
11103330
330330000
41100033
141122100
3000144
3022200
3022203
33000303
30030033
33000300
314103000
412221
114301110
111300141
30144
33004110
3341100
1113411
141141000
301413000
12321030
113331
30022311
111113220
11103300
11103303
111022230
303022200
2342100
30030030
303011211
1123320
111300303
11103411
111144000
111300300
300001143
112110000
301110141
112110003
300001140
112132200
30114003
30022230
3111222
33000330
30114000
113223
30003
113220
30000
41104110
11100141
1422210
12221130
30012213
11100144
222111000
30012210
222111003
411011100
22341
411011103
301110114
111022200
122103
122100
3000222
111022203
412410
41214000
330222000
301110111
111300330
300001110
300001113
34140000
11100111
3302220
303000411
222011400
11100114
14103111
30114030
111222111
222111030
41130300
3022230
411011130
300304110
333011100
112232100
303011130
302231100
3022311
3033111
300113220
11130411
4110111
30222300
122101410
411033000
3004140
141011103
300122400
141011100
312210003
33000411
312210000
303011100
30022200
222041100
222002220
112110033
312210030
303011103
30022203
303000330
11100033
33111300
3004113
223110300
41100222
3000303
30033
334110
113220030
341100030
41241000
3000300
111222030
111331110
301110033
4110114
12221103
301110030
30012240
4110141
12221100
22314
43320
341100000
113220000
22230003
113220003
22230000
111004221
30030
341100003
3004110
112110030
22311
141011130
3042210
4110033
1114113
303114
3441000
303111
1243200
311111400
111222003
111222000
30300114
30003411
301110003
31224000
1113141
122211
22230
301110000
30300111
1224111
122214
3004221
1140411
14403000
4121400
4140111
22233
303000303
4110030
1114140
303000300
11241030
422103000
141301110
111012240
2223111
144011100
42240000
111031221
30030222
303141
441030000
222301110
311430000
1113111
30300141
44103000
303031110
3122400
11134110
330222
222033000
1113114
12321
33000030
301140003
141041100
330141
301140000
112221000
12324
3111141
112221003
11241003
222004110
11241000
111012321
222111
43320000
11113320
141011211
30300033
411222000
30030330
30003330
330114
33000003
301140030
12221211
33000000
122133
4110003
122130
3111111
4110000
112221030
111300411
3111114
1114221
222114
303000222
111044100
311122200
11222211
222141
22203
30114111
22200
33000033
30030303
303222
30030300
41130000
41130003
12321003
2220030
12321000
122400111
222030
330031110
300122211
30030114
12243000
30030141
14112210
133201110
12221400
311212110
222033
222330000
314211000
2220003
141011400
2242200
2220000
300144000
41100000
41100003
33000114
112141110
122322
30300030
112114110
1113222
300030
30222000
30222003
114001410
330111
33111111
30030111
30003303
33012210
411112110
30003300
30300003
300000
112221111
303000141
300003
30300000
30114300
112440000
41130030
41100030
33000111
114033000
1140330
303303
30303300
311111211
330003
330000
303300
30003222
111012210
3000030
11222130
333000300
303000114
111012213
1413300
303000111
3111033
30222030
3000003
111031110
233211000
3000000
1113330
300044100
111031113
411011400
33000141
30144000
3004410
3111030
1140300
122400000
14103300
122400003
1140303
303330
312210300
330033
301140111
2223300
41130111
1224030
11222103
11222100
222000
3111003
3111000
222003
3000033
1224000
111031140
142140000
1224003
3142110
300122130
311131110
12432
3122211
330030
1113300
122241
122400030
22204110
1113303
11241111
412410000
12210030
342210000
32331000
112221300
41211300
11213220
14100
3011130
22200030
300311130
14103
3011133
1113
11122230
22200003
114000330
22200000
3122103
12210033
311214000
301421100
3122100
1110
333003000
303014100
23310030
1143030
300300222
300033
14133
14130
3011100
31141110
3011103
111000333
1143000
1143003
31440000
41112210
331410
141114000
22200033
111000330
11122200
1143
12210000
12210003
11122203
1140
111411300
111303000
111000441
111303003
411001221
300411300
300141
122122200
300144
114030111
33111000
33111003
111000411
112111410
141300300
23310000
114004110
23310003
111000414
22211400
300311103
300311100
223140000
111303030
300111
300233100
300114
30303111
33111030
114000300
114000303
22230300
3122130
222411
1221
31122210
114000222
1224
1232103
1232100
4114110
30411000
1113030
300222
14214
14111400
31413000
30411003
3011241
300441000
14211
30123210
330033000
114030300
111031410
1113033
300031410
12210114
30322200
31221300
13323000
300003330
300300033
233100000
330141000
330301110
11122311
233100003
122211030
222222
233100030
3011211
3011214
14241
133311000
41403000
12210141
222330
4140000
300300141
4140003
42211110
3011322
3113220
332220000
2223003
2223000
30303030
144300
411001113
111303111
122211000
12210111
14131110
122211003
233130000
411001110
4140030
114000141
30303003
30031410
14322
300300111
2223030
30303000
222300
300322200
301221300
222303
141222000
300311211
1223220
311102220
422101110
1113000
1113003
3312210
300300114
300003411
411001140
123221100
111000111
301110411
114111
112410000
224220000
112410003
41100330
133203000
22211130
341111100
300411111
311401110
30411111
12214110
300333
233100111
300013320
23310300
11144100
141004110
112332000
111000114
300330
311133000
114000111
1232211
414111000
41211030
22211103
22200303
300311400
22200300
22211100
22230111
122100000
11404110
41100303
122100003
41100300
142410000
122100030
112111221
112410030
300303
300300
114000114
244200
142110030
330041100
111311400
330002220
142221000
3011430
142110003
142110000
112111110
311430
112111113
300300030
114000000
122100033
114000003
300411
30112113
300414
41211111
30112110
300300003
30001110
114000030
300300000
30001113
11103003
122211111
41100411
22200222
11103000
112410111
114141
30411030
300411030
111000141
112111140
114000033
3011403
1332
3011400
11103030
1232130
441111000
30001140
30001143
22230030
223110003
223110000
111000144
30333000
11103033
114114
22200141
31113300
31111110
300411003
144111
300031110
300411000
122100111
223110030
330011130
300031113
31111113
112421100
314130000
122211300
3330030
122100114
301110300
301110303
331140000
31111140
311403
300031140
311400
300441
122100141
3330000
3330003
330011103
330011100
301221111
22211211
1143111
111000222
301110330
134310000
112122210
11103222
30112140
311114100
303300030
111314100
11103114
41211000
114033
41211003
30441000
11103111
11402220
301221003
114112110
301221000
111000300
111000303
11244000
1410
23310111
311322
11433000
33033000
1413
114030
303300003
223110111
303300000
142110111
22200111
114000
114003
301221030
11103141
300112410
303222000
30112221
144000
30034110
144003
1440
300031221
32221110
1443
144030
22200114
122100222
311322000
12322110
330011211
333030000
301111221
300330300
41322000
33301110
11102331
3003000
3003003
11114100
144001110
112410300
11114103
114330
30023310
11401221
124320000
142110300
4122210
30000303
1124130
30000300
41101110
12240111
3303300
3112410
300000144
111112221
222114000
14211003
41101113
14211000
111311211
31110222
413220
300000141
1124103
1124100
1410111
14100411
22341000
122104110
1410114
312240
111311130
33001221
41101140
13320111
14211030
12240003
1124211
12240000
12213300
303300111
304410
1232400
34410000
12240030
41400111
122100330
22222200
330001410
411303000
1410141
114411
312213
312210
30411300
111023310
30013320
33041100
300000222
312211110
122100300
122100303
112413000
111330300
1112331
11403300
30000333
301410300
11102220
30000330
11102223
303300300
300303003
300303000
13331100
122100411
11133300
30314100
33001410
11114211
114012210
14104110
3003114
422211000
41400300
41411100
3003111
300112221
31114110
30112410
300000033
1410222
300000030
13320003
13320000
30000144
114222
300303030
133200300
30000141
301410111
13320030
411012210
41101221
234210000
111330111
300000000
300000003
334110000
14100300
222001221
1143300
14100303
22203300
300000114
300112140
111000030
11412210
31110330
11401410
111000000
300000111
301111140
111000003
3411300
33411000
311141100
303001410
14100330
301122210
111112410
30000222
3003033
31110303
3112221
31110300
3003030
113221110
3030003
3030000
1410300
301111110
422400000
111000033
44400
1410303
11114130
301111113
141012210
114300
114303
32220300
300303111
223110
22314000
14100114
3411111
22203003
300330030
223113
22203000
122131110
12222210
1410330
331140
14100111
304221
13323
141300030
114022200
13320
223140
3112140
122403000
300112113
30004410
44211
111013320
3003222
300330000
300112110
300330003
4440000
303001221
14100141
33141000
14130300
141300003
441003000
141300000
144111000
3112110
222141000
301440000
301410003
331221
301410000
304140
111032220
111330003
111330000
330011400
11133111
301141110
114311100
13431
3112113
300330111
303114000
3003141
111322200
31110411
31421100
414003000
14100222
223221
111330030
12240300
3303111
1410411
113331000
301410030
30042210
14111100
23321100
14111103
303001140
31221030
133200000
11133030
133200003
300004113
30000441
3411003
3411000
300004110
222001410
30031221
14111130
133200030
141300111
22203111
111441000
412111110
303001110
14100030
11133000
41400003
111303300
41400000
11133003
303001113
31221003
3003330
31221000
30000411
300004140
30000414
411001410
41400030
41131110
111311103
14100000
114030030
111311100
14100003
30302220
30031140
33001113
114030003
114030000
223121100
300303300
3303030
33001110
3003303
3003300
44103
44100
112222110
31221111
11114400
14100033
3303000
444000
133200111
30031110
330122100
341103000
3303003
4224000
14111211
14241000
300004221
331113000
22203030
2222220
300123210
123213000
111412110
33001140
30031113
331113
44130
1112220
3411030
1112223
114000411
331110
31332000
442110
142111110
33222000
304111110
233103000
311101221
30033300
141000330
33033
11212140
411000411
33030
3311211
141330000
442110000
11223210
4332000
300301140
11212113
311400300
222411000
41111400
44400000
124320
1441110
111042210
300414000
23311110
2223
11212110
2220
111112140
122114100
303111111
111112113
433200000
33114
414111
300301110
33111
300301113
411000330
30301221
301221
300014211
134310
141000411
11411400
14122200
1222221
111112110
22241100
301224
33141
441300000
3311130
114003300
314400000
11430000
24420000
11430003
30341100
11430030
303111030
311211003
300041400
311211000
141000222
11123310
222014100
11411211
14430000
114031110
30301410
33300300
414030
433200
303111000
303111003
301140
3300000
3300003
3014211
301143
3300030
114122100
1233210
441001110
330111300
311101410
301113
11212221
301110
123210300
3300033
300014100
1142220
300014103
33222
11430111
411014100
300301221
223410
3222300
311241000
33112110
112112220
414003
414000
141000300
141000303
300014130
141311100
4411110
1332300
330003300
14141100
302221110
2442
11241
42321000
11244
411330000
3300114
311400030
112121100
30033030
112121103
1222410
41111130
141001110
311400003
311400000
11411100
30111222
11411103
300111411
3300111
300022203
330111111
300022200
141001113
114003003
11211
114003000
30414000
111341100
11214
112121130
330003111
301111410
422130000
141001140
1121214
314400
301143000
1121211
12211113
12211110
111014400
330014100
114303000
3300141
11411130
301222110
33300111
4143000
300002331
3311400
114003030
30111141
11401140
1121241
32331
14211111
4111410
30033111
12211140
300033000
30111114
11401113
300033003
301440
41111103
30111111
11401110
3300222
41111100
2232210
300022230
11323110
112121211
11132220
11430300
311101110
122103300
330111003
3222111
301410
330111000
301413
144030000
311101113
300142110
304410000
300014400
1443000
222001140
323310
2331
14211300
11130
2334
11133
41101410
411031110
41212110
2332110
422400
144300000
330111030
222001110
14322000
114003111
12432000
331410000
11100
330003000
11103
330003003
222001113
222311100
411004110
11141100
11141103
3001440
1121100
303301110
1121103
22201410
111030
330003030
3300300
3300303
30111030
30111033
111033
141031110
3222030
222222000
33300003
33300000
1124400
122214000
311101140
330411000
3001410
1121130
22231110
33003
30033000
1121133
33000
30033003
3001413
41111211
3300330
311400111
111000
30111003
301332
111003
30111000
3014400
143220
33300030
223113000
3031113
141303000
4112220
222000222
112121400
122130000
122130003
302220300
3031110
11400411
300111114
3222003
11111322
300111111
3222000
11142210
3044100
44101110
30001221
13431000
300003141
141411000
303002220
24420
30001224
111222
3031140
111002223
122130030
12210330
111002220
11101332
41322
30014211
300111141
1111440
222303000
411022200
41241
412110111
114011400
300003111
11101413
1411221
11101410
11400330
12210411
33002220
41102220
111014211
300003114
411122100
3002331
222000141
22311300
111114
323310000
4221003
4221000
303033000
111111
31111410
244200000
300133200
300032220
314101110
411300030
11111403
300111222
30111411
11111400
111144
411300000
301411110
411300003
141001410
111141
4221030
1111332
112143000
11101224
41430
144000030
111142110
300003303
111002331
412110300
11101221
12210222
411000033
300003300
30311100
31111221
30311103
111303
30111300
111300
30111303
144000003
222000330
144000000
1411140
14400300
303041100
11111211
11111214
4221111
11400303
411000000
411141000
11400300
411000003
30111330
2231400
111330
411000030
111333
111033003
111033000
41401110
312321000
300331110
141001221
300022311
32231100
12241110
113231100
11111241
2221410
133230000
31121100
31121103
332220
1111410
22202220
1111413
422211
300111300
300111303
3412110
12210300
11400222
303141000
12210303
111033030
30001332
114222000
233111100
41403
30041400
31121130
41400
122130111
30311130
300111330
3002223
144000111
3031221
3002220
1411113
142410
122103111
222000303
30014400
1411110
300003222
414030000
222000300
301112220
30142110
32220
14101410
32223
141000114
414000000
3014103
1111224
22311111
414000003
3014100
1111221
411300300
300341100
111033111
111411000
111411003
3000
114011211
3003
111441
414000030
311411100
33330
30311211
141000111
123240000
2221221
22214100
3014130
31222110
31121211
3031410
11111100
11111103
111111411
122130300
11212410
14101110
300300411
14101113
33300
33303
411000141
111111300
300314100
411000114
111111303
122430000
300300300
3330300
11111133
300300303
11111130
30001440
222000411
444000000
422100
422103
122103030
411000111
33311100
111111330
300300330
414000111
122103003
30001410
122103000
1424100
3033
114330000
30001413
111414
111411030
141000141
4221300
111411
3030
422130
34111110
224220
2221110
23421000
111411111
3330111
2221113
30422100
322201110
330030030
412110030
22311000
411000300
41133000
22311003
411000303
411114000
1411410
300111003
30014130
300111000
11422200
14400003
14400000
300003033
22422000
33411
144000300
14430
333111000
300003030
14101221
300111030
14403
3311103
14400
3311100
30014103
11101440
41214
30014100
123210111
111302220
22311030
300111033
30041211
14400030
414300
41211
3304110
411300111
122222100
300003000
143220000
111014103
111014100
300003003
14400111
111333000
41103
30041100
1222113
41100
30041103
123210003
123210000
1222140
30311400
1111143
1111140
14101140
141000033
111033300
330022200
2221140
111014130
141000030
300042210
411000222
333300000
30041130
31121400
14114100
41130
41133
123210030
222031110
3144000
1222110
330030000
412110003
1111110
412110000
330030003
111111222
1111113
331121100
1333110
141000000
141000003
30300222
133311
34140
300011430
330000111
330000114
34113
303112110
441003
122322000
441000
301121400
111011403
111011400
11211030
300011403
300011400
441000003
1440003
322200000
322200003
322311
1440000
441000000
330030111
11211033
3303
302220
111011430
3300
302223
3322200
441000030
1440030
111422100
322200030
1141110
1141113
1221222
311104110
302331
1440111
330311100
301232100
330000033
3222
1221141
300114030
414000300
11211111
111111141
311100222
304110111
11211114
111041211
112140111
3013320
33011400
330000003
330000000
33014100
412121100
112113300
114002220
34110
31232100
302331000
300114000
300114003
441030
111111114
111301110
111111111
330000030
111301113
312221100
14222100
123321
34121100
11322300
302220000
1221330
30032220
123210
302220003
123213
11431110
41222100
41430000
311100411
300114111
3144
304110300
303030111
111041103
3141
411030300
111041100
300011322
30300330
304221000
302220030
123240
33011211
1141221
112224000
3301110
30300303
3301113
30300300
11211141
4410111
111041130
300223110
300302220
111111030
303030030
311100330
30300411
441000111
111111033
114011130
122111400
234210
4410003
114141000
4410000
141030300
133230
1141140
330030300
1221300
311100300
1221303
311100303
133203
133200
4410030
11211222
111111003
111111000
3114
11131110
34221
114011100
411003300
114011103
341400000
331111110
341400
3111
11131113
1122240
2231211
141112110
11400114
311241
11233200
33303000
11101143
11131140
1413030
11101140
311100030
311100000
12213
311100003
12210
341100
341103
441000300
4124100
122111103
111223110
122111100
301121130
11400111
300141300
1413000
33003003
303030000
1413003
33003000
303030003
413220000
314100300
30003000
141002220
411030
30003003
141030000
122241000
411033
11322111
141030003
300001332
12212220
31332
411003000
14212110
302220111
411003003
303330000
330000330
31143000
301121103
301121100
3301221
11322003
13321110
142221
11322000
30003033
31113111
330004110
3301140
303003000
30003030
300114300
30331110
303003003
411111
2331000
2331003
3141300
300011241
33330000
111003000
322311000
11131221
1413111
330000303
330000300
3023310
111003003
411114
311211
1122213
1122210
311214
11101113
44100300
300333000
11101110
1221411
4110411
12240
12243
300011214
441300
300011211
11400141
11322030
322230
122111211
423210000
31411110
222000033
141030111
31440
11441100
3033000
300001410
3033003
311100141
300001413
3000441
3414
311133
330303000
31113030
411030030
3411
2231100
2231103
22200411
311130
411003111
33031110
330000222
222000003
311100114
341211
44100111
30133200
31124100
222000000
322203
303003030
322200
2331030
300001440
330112110
30003111
222000030
311100111
111003033
113223000
311403000
3000411
111003030
12332100
3441
441111
3000414
111041400
30003114
341101110
112110
1133310
222000111
111003114
411003
32223000
2331111
301121211
411000
33122100
3330
22200330
300011133
112140030
300011130
111003111
3333
411030111
11211003
3414000
11211000
112140000
411003030
112140003
30003141
141030030
3223110
142110
303003111
11400033
41122200
222000114
1432200
112113
11400030
42213000
142113
300011100
300011103
31410
4410300
3000333
31413
3000330
300141111
11111430
330000141
333001110
31113003
122111130
31113000
41141100
3033030
142140
11400003
2231130
311103
341130
311100
311100033
11400000
30002223
300141030
311112210
30002220
341211000
111030114
314211
23310
11100414
42240
4111110
23313
111003141
222030003
111030141
11100411
111414000
222030000
344100000
11403
112143
112140
333111
11400
141111300
4111113
11141130
411300
411303
44100030
411111111
3141111
300141000
300141003
3001332
11131410
23340
301113111
4111140
311211300
111030111
12211410
11430
11433
44100003
44100000
122102220
222112110
11100330
411330
111003222
42321
30141030
142121100
11100333
112411110
11112321
11141211
122401110
412113000
1110441
41103300
112221
303012210
3001224
3300411
414300000
312213000
3001221
411030000
3141000
34113000
411030003
3141003
111030030
11100300
1121430
4111221
11100303
31410300
314100030
1110414
30141000
111133200
30141003
111122400
1110411
114300003
222030030
114300000
411301110
112224
114300030
3141030
22233000
314100000
23421
22201221
222011211
314100003
314130
111030033
13320300
33003111
41103111
1121400
23340000
1121403
300002223
111301410
411141
300002220
3032220
3314100
31224
141411
2220411
300422100
30141111
111114300
111141000
30011103
4141110
31221
111141003
411111030
30011100
11322
111122211
303411000
303003300
300033111
3133200
111030222
111034110
313320000
111141030
411111003
411111000
2331300
30002331
30011130
30011133
111003303
111003300
22201140
2220330
4222110
3001110
3001113
31143
31140
114300111
33030300
1110333
1121322
11112210
11112213
333300
112332
1110330
30223110
114114000
301124100
314100111
11100222
411222
300023310
111003330
22201110
122141100
141330
2220303
111141111
3001143
31113
2220300
3001140
31110
422100300
1412220
22201113
222022200
1110303
11112240
1110300
423210
34110300
31112220
33003030
11414100
344100
141022200
12211221
300033030
301113300
33011103
33011100
41103003
303111300
41103000
34410
304121100
3123210
301132200
42221100
303003
111003411
311211030
30011211
12324000
303000
30011214
112413
22322100
112113111
3041130
11141400
112410
414001110
22312110
11211303
33011130
11211300
111122100
222300000
33114000
41103030
111122103
222300003
34110111
303033
422100111
322200300
30011241
1440300
301332000
222300030
122133000
3041100
311130111
3041103
1110222
112440
303030
1332111
30141300
11211330
111122130
112113030
44211000
2220222
311130003
11104410
311130000
44111100
111011133
111011130
412140000
311211111
300301410
311130030
222030300
30312210
1421211
411111300
1110144
111011100
111011103
111030003
111030000
314103
1110141
314100
34110003
34110000
422100030
222300111
14133000
411411
1221111
111011322
2220141
422100000
301113003
301113000
422100003
1110114
11211411
331221000
1221114
33022200
114300300
222030111
1110111
112113000
112113003
1421130
2220114
111301140
111141300
2220111
304110030
300041211
30301110
14401110
30301113
3041211
11242110
1221030
300041100
111011241
300041103
304110003
1221033
304110000
1421100
1421103
14102220
2442000
30301140
222011130
333030
33003300
3331110
111301221
1141410
300041130
111011214
1332003
1332000
141014100
111011211
1221000
42213
34221000
11100441
123211110
1221003
1110033
30011322
42210
322211100
112124100
3422100
1110030
34110030
222011103
41114100
222011100
2220033
1332030
333000
333003
4232100
300033300
301113030
322200111
